0
0
0
0
0
0
0
0
0
0
0
0
0
0
0
0
0
0
0
0
0
0
0
0
0
0
0
0
0
0
0
0
0
1
0
0
0
0
0
0
0
0
0
1
0
1
1
0
0
0
0
0
0
0
1
0
1
1
2
4
2
6
8
7
7
5
13
9
13
23
13
21
22
20
23
31
34
37
39
39
45
34
47
60
49
50
71
58
62
55
47
71
61
71
65
79
77
65
77
79
81
91
88
99
86
86
80
82
108
108
122
96
127
142
128
127
160
149
149
162
160
152
140
164
150
140
129
137
128
121
120
130
114
133
98
122
103
110
128
108
114
113
104
92
120
93
101
111
96
123
117
95
115
121
102
101
126
119
128
113
122
132
119
114
128
126
117
120
125
124
144
142
144
140
124
134
136
110
141
142
165
138
136
134
135
152
149
174
146
184
165
155
162
141
148
174
135
158
158
147
152
148
160
141
174
145
163
154
155
157
180
161
155
164
157
165
174
169
147
154
160
147
179
164
151
163
175
167
170
157
166
163
155
159
191
152
173
155
167
196
185
155
142
170
142
186
153
174
157
156
163
160
164
146
152
169
162
167
164
166
134
191
171
158
151
145
152
147
163
149
164
167
155
164
145
172
145
136
131
154
138
121
142
130
138
124
152
145
146
140
138
131
139
152
128
122
131
136
121
145
120
126
119
130
122
115
107
134
117
115
90
137
117
116
124
120
116
117
103
116
124
107
98
103
104
91
104
87
126
108
116
123
104
99
112
110
88
130
119
113
105
102
107
99
102
116
123
105
98
103
103
118
101
123
118
95
81
122
104
124
115
101
102
98
94
115
113
100
103
112
103
112
106
106
112
110
113
115
102
101
92
121
118
102
85
121
92
122
111
115
93
119
100
121
129
115
104
116
114
113
113
111
112
122
108
134
112
118
117
109
107
109
93
113
96
120
101
117
121
118
117
108
106
105
114
103
101
118
97
126
117
116
107
112
122
106
115
109
94
121
123
116
99
103
106
108
96
101
87
123
115
104
112
119
106
114
108
119
94
94
88
100
84
94
94
88
96
90
119
87
119
78
81
107
94
92
97
77
75
83
85
89
72
79
91
65
94
70
86
69
75
61
95
67
82
63
71
72
60
79
81
79
88
95
71
80
90
81
76
92
108
83
110
120
111
133
148
138
151
140
155
158
171
170
183
196
212
217
234
250
244
282
253
293
272
312
310
293
284
329
329
325
320
359
388
380
295
353
360
356
344
373
383
355
342
372
348
331
312
304
345
338
322
311
328
318
287
255
251
247
229
247
230
214
216
176
189
186
158
159
156
126
131
123
123
114
91
94
94
74
70
62
76
71
74
53
47
47
45
42
30
36
36
43
22
22
14
15
16
27
18
27
14
11
13
13
17
14
17
12
16
14
13
11
15
9
11
18
8
9
9
5
8
13
7
7
10
5
5
4
7
5
2
6
5
3
6
3
3
3
3
6
1
5
4
5
3
2
7
4
5
3
2
5
8
5
3
1
6
5
5
4
2
2
5
5
2
4
5
3
9
5
5
1
4
3
6
4
7
5
2
3
2
1
4
1
2
2
2
4
2
3
2
2
6
3
2
2
2
2
8
4
3
6
10
5
4
2
5
5
5
4
2
3
1
1
0
1
1
0
2
1
0
0
0
0
1
1
0
0
0
0
1
0
1
1
1
0
0
0
0
0
1
0
0
1
0
0
0
0
0
0
0
0
0
0
0
0
0
0
0
0
0
0
0
0
0
0
0
1
0
1
0
0
0
1
0
0
0
0
0
0
0
0
0
0
0
0
0
0
0
0
0
0
0
0
2
1
2
0
1
2
0
0
0
1
1
3
0
