0
0
0
0
0
0
1
0
0
0
0
0
0
0
0
0
0
0
0
1
1
0
0
0
0
0
0
0
0
0
0
0
0
0
0
0
0
0
0
0
1
0
0
0
0
0
0
0
0
0
0
0
0
1
1
2
1
2
5
2
6
7
5
10
8
13
16
19
12
24
25
31
26
39
36
46
52
37
49
48
59
68
61
69
65
89
97
87
107
89
99
101
120
118
111
110
107
101
143
142
147
136
99
145
134
135
162
149
186
169
167
205
192
175
223
239
229
230
243
257
249
233
233
249
229
214
212
219
199
213
186
212
197
199
176
217
183
180
186
198
196
189
180
175
149
169
177
166
174
162
159
180
189
196
199
166
177
168
180
211
169
188
192
190
170
204
217
158
186
183
188
196
201
214
204
196
197
192
230
208
221
225
225
230
224
225
216
234
229
242
220
260
237
272
248
231
277
242
263
239
224
250
234
280
248
243
246
274
259
246
275
272
288
221
267
289
285
252
271
265
246
273
251
268
271
244
252
250
266
255
267
261
282
272
272
273
316
265
278
273
255
279
287
272
269
254
258
279
288
270
244
257
254
236
268
269
235
260
236
272
249
267
263
244
243
215
251
226
260
209
247
248
240
229
236
223
226
194
200
209
210
222
226
220
207
237
183
232
206
212
217
196
209
191
225
210
197
222
208
175
208
226
190
186
179
207
189
207
171
205
199
195
200
186
155
160
195
202
193
164
184
166
168
158
166
198
174
170
164
195
169
175
173
170
178
174
175
154
159
160
188
165
198
148
180
170
167
156
164
176
170
187
158
183
137
163
171
151
166
184
181
165
179
168
175
147
160
176
175
168
176
165
150
202
155
181
166
175
166
176
163
180
186
164
177
152
165
199
161
180
168
167
164
171
161
184
163
170
145
167
172
174
177
162
160
142
142
145
168
140
138
155
147
169
149
125
151
132
148
131
139
138
158
124
143
132
133
117
136
117
146
123
115
121
140
130
127
116
95
109
113
127
123
117
108
111
105
138
123
116
111
125
109
106
104
114
125
121
118
119
110
139
102
122
128
146
141
136
133
143
147
144
154
175
159
177
192
193
219
220
218
247
233
255
238
318
292
296
326
350
360
357
419
425
410
451
483
495
477
496
488
477
516
532
527
554
577
585
567
618
560
586
586
573
613
558
617
517
603
534
553
594
516
505
539
524
462
440
448
434
401
401
386
364
350
324
317
302
302
275
266
272
239
223
235
198
168
180
155
129
142
138
125
123
104
100
87
99
78
87
63
79
66
77
74
53
54
46
54
47
50
32
49
36
29
31
30
29
34
26
31
28
28
27
23
18
25
14
16
18
15
12
11
14
16
18
12
13
7
5
12
14
11
13
3
12
8
9
5
17
9
10
11
7
8
5
5
4
2
7
7
2
5
9
7
9
7
8
3
5
6
6
7
7
6
3
7
5
4
9
7
5
8
5
5
6
3
4
5
7
6
6
7
5
5
9
8
8
9
4
4
4
3
2
3
2
6
5
4
6
6
1
1
4
4
7
6
6
3
5
8
10
9
7
8
9
7
5
11
13
8
8
7
7
4
4
5
3
2
3
4
2
2
2
2
3
3
4
1
3
6
2
7
8
10
8
6
10
6
7
6
8
3
4
3
6
3
2
2
1
1
1
1
1
0
1
0
0
0
0
0
3
1
1
0
0
0
2
1
1
1
1
1
1
0
0
1
1
0
0
0
0
0
0
0
0
0
0
1
0
0
0
0
0
0
0
1
0
0
1
1
0
0
0
0
0
0
0
0
0
1
0
0
0
0
0
0
1
0
0
0
0
0
1
0
0
1
3
2
3
4
3
2
3
2
3
1
2
2
