0
0
0
0
0
0
0
0
1
0
0
0
0
0
0
0
0
0
0
0
0
0
0
0
0
0
0
0
0
0
0
0
0
0
0
0
0
0
0
0
0
0
1
1
0
0
0
2
0
0
0
0
0
2
0
1
1
5
4
7
2
4
3
5
7
8
14
18
19
16
20
21
27
25
25
27
32
43
41
60
46
67
55
54
45
54
55
59
69
75
65
58
95
88
87
85
89
99
85
79
86
91
101
92
89
114
85
106
130
118
136
157
127
143
161
164
166
186
189
203
203
186
165
174
171
173
175
192
157
147
150
143
142
157
139
146
154
131
144
144
148
137
151
123
139
122
127
120
142
140
143
124
128
116
121
156
121
145
116
119
140
127
131
128
141
140
112
158
138
141
146
134
143
154
164
161
160
150
157
154
166
147
192
164
163
177
168
171
155
189
187
182
208
170
204
169
187
179
185
203
192
192
197
229
204
183
186
194
221
203
189
175
207
187
194
236
198
184
193
216
187
210
206
211
200
191
199
202
211
197
217
222
212
223
224
196
221
212
232
197
216
204
202
224
194
214
201
185
153
196
207
208
190
205
205
172
189
170
198
197
183
196
177
191
175
166
179
182
176
190
160
176
171
176
155
174
166
190
150
158
137
149
154
157
143
157
163
155
165
125
157
157
155
166
158
150
145
128
156
139
151
147
137
155
145
142
131
122
138
126
128
143
122
133
146
138
136
120
129
124
140
131
110
125
141
120
123
131
117
140
126
139
141
129
124
145
130
132
126
126
127
128
146
114
125
133
120
138
114
122
124
123
125
132
125
116
111
113
119
133
131
114
112
113
114
111
87
111
123
124
105
119
104
102
105
106
122
107
126
101
113
103
109
91
87
80
102
104
107
93
93
80
92
100
86
86
112
82
72
101
85
76
100
76
83
97
80
79
79
85
98
93
78
94
80
78
81
80
74
91
83
90
61
85
72
82
117
99
89
68
80
96
84
90
99
93
104
122
117
119
118
125
116
141
148
137
138
162
153
176
185
201
191
218
220
249
229
221
252
278
275
332
286
311
308
349
359
375
382
373
403
451
439
408
420
450
468
480
439
480
461
477
479
498
449
459
450
436
490
448
434
462
422
405
420
364
330
379
336
322
332
307
305
271
248
235
262
251
210
204
191
178
164
148
141
140
146
135
123
104
81
92
85
93
79
72
72
59
79
60
53
42
45
42
48
37
47
48
42
34
33
32
30
36
26
20
24
23
28
24
37
23
22
21
24
27
20
15
17
14
11
23
13
23
21
16
12
12
11
7
11
6
10
7
7
16
9
9
7
3
7
8
6
8
10
4
7
7
2
4
6
6
3
4
3
9
7
3
4
6
3
3
6
6
3
6
6
10
6
3
2
9
3
10
8
5
5
6
6
1
5
8
6
5
7
8
6
5
8
5
5
8
1
9
2
2
5
4
4
6
4
7
3
4
4
1
5
5
4
4
5
3
4
3
7
3
7
1
3
4
4
3
4
2
4
2
2
7
3
3
1
0
4
4
3
2
4
3
5
4
8
7
6
3
5
6
6
7
3
11
8
7
6
8
3
5
6
3
1
4
0
0
2
2
4
1
2
6
4
3
4
6
1
3
6
5
4
6
7
0
9
3
6
5
4
4
1
4
1
0
0
1
0
0
1
0
0
0
1
1
3
0
3
0
1
1
0
0
0
0
0
0
0
0
0
0
0
0
0
0
0
0
0
0
0
0
0
0
0
0
0
0
0
1
0
0
0
0
0
0
0
0
0
0
0
0
0
0
0
2
0
0
0
1
0
0
0
0
0
0
0
0
0
1
0
0
0
0
2
4
4
4
1
1
1
3
5
0
1
