0
0
0
0
0
0
0
0
0
0
1
0
0
0
1
0
0
0
0
0
0
1
0
0
1
0
0
0
0
0
0
0
0
0
0
0
0
0
0
0
0
0
0
0
0
1
0
1
1
0
1
0
1
3
0
3
3
4
4
6
6
9
9
11
16
21
18
22
23
31
32
36
46
53
57
45
73
79
63
80
79
85
85
93
100
121
107
127
143
128
139
157
152
164
140
161
171
173
190
198
171
181
186
216
220
221
224
244
249
306
261
253
282
291
304
282
295
280
293
260
312
263
259
269
269
233
233
247
271
280
237
228
247
249
225
241
254
214
243
223
228
255
249
242
251
262
236
247
245
211
268
260
267
234
274
259
273
265
274
285
280
275
263
300
273
252
296
286
310
301
331
325
301
335
281
304
324
319
311
329
306
319
328
327
311
299
336
337
323
333
349
326
350
307
315
351
331
339
338
314
356
347
334
333
326
362
332
372
317
308
328
325
324
312
346
331
343
336
367
368
332
325
352
342
364
322
356
342
366
330
357
358
325
386
347
359
335
359
334
384
377
344
369
355
380
382
389
359
345
388
374
398
371
350
322
356
367
350
334
334
338
342
346
345
375
318
393
330
342
317
349
310
313
301
313
308
313
298
322
297
317
302
289
285
345
284
268
283
301
310
275
304
259
278
301
288
273
261
302
285
286
281
281
275
250
270
302
261
267
269
260
253
274
252
262
252
264
271
239
259
219
267
240
254
248
284
247
250
255
244
238
254
230
238
236
259
218
221
250
255
260
242
234
230
257
235
248
242
249
234
259
245
243
212
251
226
225
235
245
245
230
211
263
251
247
251
248
251
254
234
234
226
240
250
225
230
255
237
255
204
243
243
235
236
208
247
240
228
257
236
254
232
221
242
241
248
276
210
250
240
254
253
238
231
251
238
244
253
271
254
247
224
255
295
237
274
239
238
242
218
230
262
230
270
257
258
228
234
264
245
246
242
225
207
191
224
227
238
222
219
221
236
230
194
225
194
212
221
215
203
203
216
189
190
207
188
179
194
181
183
187
185
161
185
155
172
185
171
176
156
180
180
159
155
153
154
173
158
177
156
163
158
183
163
190
166
180
188
177
183
191
199
215
201
236
249
255
259
274
295
282
305
336
347
363
356
376
400
406
434
482
482
514
491
503
589
552
630
618
613
622
658
676
731
743
651
746
775
721
747
753
757
764
753
751
736
762
746
725
668
701
677
674
701
601
654
627
582
548
542
530
514
509
476
505
450
402
400
380
374
333
318
296
274
261
247
251
231
216
171
162
144
154
145
132
120
97
109
85
72
80
73
60
67
66
47
43
47
44
43
44
38
22
24
18
23
11
25
16
21
24
16
14
12
18
8
5
13
14
2
4
8
12
10
10
4
6
4
10
3
5
6
4
5
3
2
1
5
1
3
5
4
5
1
4
5
8
3
4
4
1
2
3
6
2
1
2
6
2
1
1
2
3
7
7
4
4
1
4
2
4
4
3
3
6
3
5
2
4
1
3
4
2
0
2
3
2
2
1
1
1
2
2
1
3
1
3
4
6
2
3
4
3
2
2
6
4
1
3
3
3
4
3
0
1
2
4
1
0
1
1
2
1
1
0
1
1
0
0
1
0
1
1
1
0
0
0
0
0
0
0
0
1
1
1
0
1
0
1
0
0
0
0
0
1
0
1
0
0
0
1
0
1
0
0
1
0
0
0
1
0
0
1
0
0
0
0
0
0
0
0
0
1
1
0
0
0
0
1
0
0
0
0
0
0
0
0
0
0
0
0
0
0
0
0
0
0
0
0
0
0
0
0
1
0
0
2
1
0
3
3
1
0
6
2
0
2
1
1
