0
0
0
0
1
0
0
2
0
0
0
0
0
1
0
0
0
0
0
0
0
0
0
0
0
1
0
0
0
0
0
0
0
0
0
0
0
0
1
0
0
0
0
0
0
0
0
1
0
0
1
0
2
1
2
2
1
4
5
7
3
12
17
13
11
19
22
26
26
37
49
54
55
56
66
59
53
89
96
85
86
84
102
98
121
148
129
126
156
154
170
148
155
160
179
161
176
173
191
182
209
211
230
197
202
214
230
256
232
284
262
345
315
333
368
366
339
375
375
357
367
378
344
334
340
352
296
341
320
314
303
266
282
280
278
287
282
288
270
275
283
292
265
273
238
267
241
258
268
249
246
252
249
279
274
284
273
244
275
271
271
288
311
283
260
270
316
312
298
283
305
322
312
340
334
317
345
305
358
337
344
318
349
331
359
366
355
375
350
338
380
348
355
365
380
375
345
356
393
350
380
405
406
400
413
384
415
403
389
401
385
396
382
398
418
397
391
402
382
392
405
360
408
382
392
379
366
398
373
421
398
367
396
416
366
416
399
403
388
407
368
375
378
379
391
384
413
419
394
363
372
408
378
394
405
384
393
403
380
407
385
398
404
372
398
350
377
363
352
338
360
374
334
340
343
388
316
347
340
343
349
347
330
313
370
348
339
327
324
309
320
321
346
318
292
332
333
329
312
315
316
292
312
287
286
271
260
286
283
299
305
281
292
282
308
292
259
281
283
282
268
317
275
304
260
280
298
249
262
276
263
248
231
273
252
259
231
261
258
238
262
267
269
267
268
248
265
247
252
259
240
267
242
255
268
287
244
275
233
274
260
229
271
277
277
262
258
242
221
246
261
221
276
243
228
273
263
266
243
257
268
270
262
264
252
259
273
253
259
276
271
244
263
240
278
250
285
256
262
294
270
247
275
289
284
310
257
283
265
260
270
280
220
259
260
311
277
293
290
264
272
249
264
280
272
298
272
269
252
270
293
274
273
265
268
270
273
269
258
269
261
247
267
258
253
262
247
309
263
265
282
243
240
245
257
242
229
281
256
265
226
234
231
227
233
235
233
205
233
215
227
203
199
221
212
209
199
195
195
198
187
208
180
201
157
217
181
210
201
185
175
212
194
199
202
199
214
212
214
180
223
196
217
220
262
251
246
265
270
283
282
298
326
333
345
346
366
393
401
432
438
509
490
505
536
555
594
616
661
621
646
673
731
741
701
723
786
793
835
846
821
763
852
876
924
865
863
865
918
894
872
878
881
912
897
894
810
799
757
729
716
751
698
668
658
636
671
577
579
592
554
492
475
425
448
412
350
348
324
323
337
255
241
244
236
211
215
190
166
183
136
138
135
100
129
103
93
97
77
72
67
65
66
61
47
45
63
39
49
40
34
52
38
32
30
34
28
29
22
18
27
17
21
16
23
21
18
12
8
11
16
6
10
14
11
12
7
4
6
10
5
13
7
5
9
6
12
7
7
7
7
3
11
7
10
5
6
13
8
12
14
9
10
7
7
10
3
6
9
10
4
7
7
10
5
8
8
11
10
11
12
13
9
12
12
14
6
10
10
5
4
7
7
4
3
3
5
4
2
6
2
7
9
4
5
7
5
10
3
7
9
15
15
8
7
10
9
6
9
6
5
2
1
5
2
1
3
0
1
2
2
0
1
1
1
2
1
0
0
1
0
0
0
0
0
1
0
0
0
0
0
1
0
1
0
0
0
2
0
2
0
0
0
0
0
0
3
0
0
1
0
1
1
1
1
1
0
1
2
0
0
0
0
0
0
0
0
0
1
0
0
2
2
0
0
0
0
0
0
0
1
0
1
0
0
0
2
4
4
2
6
3
5
4
3
3
4
3
4
