0
0
0
0
1
0
0
0
0
0
1
0
0
0
0
0
0
0
0
0
0
1
0
0
0
0
0
0
0
0
0
0
0
0
0
0
0
0
0
0
0
0
0
0
0
0
0
0
0
2
2
1
1
0
2
1
2
2
5
6
3
6
11
15
10
16
12
31
26
40
29
55
45
59
62
55
97
80
69
77
83
90
113
122
131
110
132
135
143
154
152
194
164
165
158
184
166
161
192
202
193
194
222
227
221
228
229
225
288
276
276
300
338
329
297
318
334
312
288
290
287
319
286
266
277
271
274
296
253
253
237
271
255
258
243
247
270
243
257
258
255
251
271
251
255
255
244
269
255
284
272
271
275
265
282
278
270
282
260
244
273
297
305
282
309
304
295
334
324
266
300
324
347
312
321
364
352
314
350
322
360
346
358
354
375
332
314
369
360
370
342
362
340
369
322
348
366
341
349
343
315
367
334
337
324
345
337
333
331
356
353
362
349
356
327
336
363
334
334
328
316
342
354
345
335
378
376
357
355
356
370
385
345
399
374
423
372
371
348
372
389
379
379
396
385
384
395
361
387
417
406
402
401
385
394
397
403
366
416
359
362
378
348
355
363
348
389
363
356
380
346
333
360
352
348
335
361
355
318
322
351
329
346
298
314
331
324
315
326
253
289
340
297
312
276
343
283
327
292
289
285
295
289
321
287
282
299
264
292
318
263
285
258
268
306
251
255
258
271
258
249
273
254
243
255
274
243
253
246
236
243
260
264
238
254
280
241
257
239
231
229
255
265
263
259
274
262
238
254
298
255
240
270
235
261
248
271
261
238
241
234
261
244
256
230
252
283
249
241
272
261
247
226
295
231
248
236
245
268
282
236
267
240
238
240
258
254
254
255
271
250
253
262
261
245
262
249
261
275
255
259
273
256
255
256
271
266
232
314
260
251
272
275
260
236
279
254
256
269
247
270
266
268
265
275
272
276
268
281
271
275
285
273
277
256
273
268
292
273
263
279
240
320
272
287
251
277
278
270
286
276
274
281
251
269
274
278
256
272
256
280
251
245
245
271
250
271
245
258
244
248
261
271
232
249
247
236
251
241
225
194
258
210
214
198
235
223
199
199
208
174
189
210
192
197
197
182
188
186
176
189
179
201
166
174
192
189
194
237
196
219
190
209
191
192
230
201
244
265
258
269
260
299
286
323
305
327
347
369
382
387
378
413
468
489
443
492
536
589
559
589
600
633
648
672
651
696
706
754
772
733
714
730
764
768
757
740
797
745
766
784
716
792
740
732
699
701
711
647
666
691
652
601
522
583
558
513
485
504
465
417
437
418
365
369
303
349
320
288
274
240
223
215
200
170
159
165
133
107
114
113
77
100
85
71
50
50
44
33
28
33
25
19
17
23
19
27
18
12
16
9
14
12
8
9
10
8
5
7
10
4
10
5
7
5
9
3
5
5
2
8
4
2
2
9
7
3
4
3
2
2
2
4
5
3
7
3
2
3
7
4
7
1
5
11
7
4
4
4
5
5
5
4
5
2
2
5
4
4
4
0
3
4
1
3
1
4
2
1
4
4
6
3
2
0
3
6
3
3
2
12
5
5
3
2
3
4
4
1
2
3
0
2
1
2
0
0
1
1
0
1
1
0
2
1
3
1
3
0
3
2
1
0
1
0
0
1
0
1
0
0
0
0
0
0
0
1
0
1
0
1
0
1
0
0
0
0
0
0
0
0
0
2
0
0
0
1
0
1
0
0
0
0
0
0
2
0
0
1
0
0
0
0
1
1
0
0
0
0
0
0
0
0
0
0
1
1
0
2
1
1
0
1
1
0
0
2
4
5
4
0
5
1
1
0
4
6
1
4
