-32.523	0
-31.4888	0
-30.4582	0
-29.4312	1
-28.4077	0
-27.3877	0
-26.3712	0
-25.3581	0
-24.3484	0
-23.3422	0
-22.3393	0
-21.3398	0
-20.3436	0
-19.3507	0
-18.3611	0
-17.3748	0
-16.3916	0
-15.4117	0
-14.435	0
-13.4615	0
-12.4911	0
-11.5238	0
-10.5595	0
-9.59839	0
-8.64028	0
-7.68519	0
-6.73309	0
-5.78395	0
-4.83776	1
-3.89449	0
-2.95411	0
-2.0166	0
-1.08194	0
-0.150103	0
0.778936	0
1.7052	0
2.62872	0
3.54951	0
4.46759	0
5.383	0
6.29576	0
7.20589	0
8.11341	0
9.01836	0
9.92074	0
10.8206	0
11.7179	0
12.6128	0
13.5052	0
14.3952	0
15.2827	0
16.1679	1
17.0507	2
17.9312	1
18.8093	1
19.6852	0
20.5588	3
21.4301	2
22.2993	7
23.1662	9
24.031	8
24.8936	9
25.7541	10
26.6125	5
27.4689	12
28.3232	15
29.1754	19
30.0257	13
30.874	24
31.7203	39
32.5647	26
33.4072	40
34.2479	43
35.0866	35
35.9236	38
36.7587	59
37.5921	55
38.4236	63
39.2535	60
40.0817	73
40.9081	89
41.7329	79
42.5561	74
43.3776	85
44.1976	99
45.016	98
45.8329	117
46.6482	110
47.462	102
48.2744	127
49.0854	121
49.8949	125
50.703	136
51.5098	135
52.3152	143
53.1192	137
53.922	125
54.7235	157
55.5238	159
56.3228	163
57.1206	171
57.9173	198
58.7128	158
59.5072	168
60.3004	216
61.0926	220
61.8837	216
62.6738	215
63.4629	196
64.251	233
65.0382	236
65.8244	235
66.6096	242
67.3941	228
68.1776	247
68.9603	238
69.7422	251
70.5233	229
71.3036	256
72.0832	233
72.8621	233
73.6402	248
74.4178	247
75.1946	208
75.9708	233
76.7465	224
77.5216	217
78.2961	219
79.0701	211
79.8436	219
80.6166	201
81.3892	216
82.1613	224
82.933	204
83.7044	218
84.4754	192
85.246	193
86.0164	224
86.7865	195
87.5563	200
88.3259	213
89.0953	222
89.8644	193
90.6335	217
91.4024	235
92.1711	216
92.9398	210
93.7084	215
94.477	228
95.2456	236
96.0142	212
96.7828	222
97.5514	209
98.3202	246
99.089	234
99.858	245
100.627	246
101.396	251
102.166	251
102.936	228
103.706	204
104.476	227
105.246	228
106.017	237
106.788	278
107.56	253
108.332	258
109.104	257
109.877	241
110.651	240
111.424	285
112.199	234
112.974	269
113.749	274
114.525	298
115.302	287
116.079	254
116.857	260
117.635	283
118.415	318
119.195	282
119.975	290
120.757	286
121.539	285
122.323	298
123.107	326
123.892	304
124.678	327
125.464	293
126.252	290
127.041	286
127.83	301
128.621	275
129.413	308
130.206	268
131	263
131.795	277
132.591	264
133.388	306
134.187	302
134.987	302
135.788	273
136.59	285
137.394	298
138.198	308
139.005	332
139.812	281
140.621	316
141.432	310
142.243	286
143.057	323
143.871	299
144.688	332
145.506	311
146.325	300
147.146	275
147.968	303
148.792	308
149.618	297
150.446	305
151.275	300
152.106	338
152.939	319
153.773	329
154.609	302
155.447	323
156.287	318
157.129	325
157.973	330
158.818	309
159.666	322
160.515	358
161.367	319
162.22	340
163.076	307
163.933	338
164.793	357
165.655	354
166.519	316
167.385	335
168.253	312
169.124	307
169.996	321
170.871	332
171.749	311
172.628	315
173.51	320
174.394	299
175.281	303
176.17	338
177.062	319
177.955	306
178.852	311
179.751	322
180.652	299
181.556	328
182.463	329
183.372	292
184.283	318
185.198	298
186.115	289
187.035	303
187.957	277
188.882	292
189.81	287
190.741	302
191.674	279
192.611	272
193.55	299
194.492	319
195.437	291
196.385	296
197.336	319
198.29	281
199.247	296
200.207	251
201.17	282
202.136	279
203.105	288
204.078	270
205.053	260
206.032	231
207.014	267
207.999	279
208.987	252
209.979	254
210.974	247
211.972	257
212.974	275
213.979	241
214.987	238
215.999	243
217.014	225
218.032	230
219.055	252
220.08	222
221.109	259
222.142	232
223.179	228
224.219	233
225.262	238
226.309	212
227.36	262
228.415	253
229.473	264
230.536	219
231.601	212
232.671	225
233.745	227
234.822	206
235.903	203
236.989	250
238.078	211
239.171	197
240.268	224
241.369	235
242.474	222
243.583	226
244.696	206
245.813	224
246.935	205
248.06	200
249.19	179
250.324	209
251.462	206
252.604	218
253.751	213
254.902	221
256.057	211
257.217	212
258.381	215
259.549	190
260.722	213
261.899	187
263.08	205
264.266	203
265.457	215
266.652	201
267.852	197
269.056	186
270.265	203
271.478	194
272.697	215
273.919	202
275.147	214
276.379	196
277.616	221
278.858	203
280.104	213
281.356	230
282.612	194
283.873	221
285.139	212
286.41	209
287.686	253
288.967	210
290.252	217
291.543	224
292.839	211
294.14	209
295.446	211
296.757	228
298.073	231
299.395	211
300.721	188
302.053	208
303.39	230
304.732	205
306.08	187
307.433	205
308.791	194
310.154	183
311.523	169
312.898	177
314.277	216
315.663	200
317.053	211
318.449	198
319.851	207
321.258	158
322.671	184
324.09	203
325.514	190
326.943	207
328.379	155
329.82	208
331.266	183
332.719	175
334.177	193
335.641	173
337.111	187
338.587	203
340.068	189
341.556	166
343.049	151
344.548	159
346.053	173
347.565	166
349.082	144
350.605	159
352.134	186
353.67	178
355.211	157
356.759	168
358.313	158
359.872	155
361.439	147
363.011	157
364.59	174
366.174	129
367.766	149
369.363	137
370.967	151
372.577	133
374.194	141
375.817	123
377.446	156
379.082	147
380.724	144
382.373	143
384.029	151
385.691	128
387.359	164
389.035	143
390.716	141
392.405	149
394.1	129
395.802	135
397.511	151
399.226	132
400.948	146
402.677	154
404.413	156
406.156	150
407.905	136
409.662	140
411.425	152
413.195	113
414.973	134
416.757	148
418.548	162
420.347	179
422.152	150
423.964	164
425.784	166
427.611	164
429.445	157
431.286	195
433.134	188
434.99	202
436.853	205
438.723	196
440.6	204
442.485	225
444.377	231
446.277	275
448.184	251
450.098	251
452.02	267
453.949	291
455.886	316
457.83	300
459.782	370
461.742	343
463.709	381
465.683	358
467.666	383
469.656	389
471.653	432
473.659	424
475.672	465
477.693	452
479.722	454
481.758	515
483.803	507
485.855	551
487.915	543
489.983	588
492.059	564
494.143	613
496.235	596
498.335	671
500.443	649
502.56	622
504.684	653
506.816	628
508.957	629
511.105	624
513.262	668
515.427	682
517.6	620
519.782	611
521.971	673
524.169	662
526.376	656
528.59	619
530.814	616
533.045	646
535.285	570
537.533	599
539.79	577
542.056	555
544.33	551
546.612	509
548.903	503
551.203	494
553.511	461
555.828	415
558.153	395
560.487	413
562.83	419
565.182	370
567.542	343
569.911	306
572.289	349
574.676	287
577.072	275
579.477	272
581.89	264
584.313	231
586.744	198
589.184	196
591.634	196
594.092	183
596.56	164
599.036	162
601.522	128
604.017	134
606.521	137
609.034	104
611.556	100
614.087	99
616.628	100
619.178	86
621.737	73
624.306	85
626.884	65
629.471	69
632.068	60
634.674	52
637.29	38
639.915	54
642.55	47
645.194	47
647.847	45
650.51	40
653.183	44
655.866	41
658.558	31
661.259	31
663.971	32
666.692	22
669.422	28
672.163	22
674.913	26
677.673	16
680.443	26
683.223	16
686.013	19
688.812	14
691.622	23
694.441	15
697.271	14
700.11	11
702.96	8
705.819	10
708.689	11
711.568	11
714.458	10
717.358	9
720.268	9
723.188	11
726.119	9
729.059	11
732.01	8
734.972	5
737.943	7
740.925	8
743.917	7
746.92	7
749.933	11
752.957	5
755.991	8
759.035	4
762.09	2
765.155	3
768.231	4
771.318	2
774.415	6
777.523	1
780.641	3
783.771	6
786.91	3
790.061	4
793.222	3
796.394	2
799.577	2
802.771	1
805.975	1
809.191	2
812.417	0
815.654	4
818.903	1
822.162	1
825.432	2
828.713	3
832.005	2
835.308	4
838.622	1
841.948	3
845.284	1
848.632	0
851.991	3
855.361	2
858.742	1
862.135	1
865.539	2
868.954	0
872.38	2
875.818	2
879.268	4
882.728	1
886.2	1
889.684	1
893.179	3
896.685	4
900.203	2
903.732	4
907.274	1
910.826	0
914.391	2
917.966	1
921.554	0
925.153	2
928.764	1
932.387	3
936.022	0
939.668	3
943.326	1
946.996	2
950.678	0
954.371	1
958.077	2
961.794	3
965.524	1
969.265	2
973.019	1
976.784	2
980.562	2
984.351	2
988.153	1
991.967	4
995.793	2
999.631	1
1003.48	6
1007.34	2
1011.22	2
1015.11	2
1019.01	1
1022.92	1
1026.84	3
1030.78	2
1034.73	2
1038.69	3
1042.66	3
1046.65	1
1050.65	3
1054.66	1
1058.68	1
1062.72	1
1066.77	2
1070.83	1
1074.9	2
1078.99	1
1083.09	4
1087.2	0
1091.32	0
1095.46	4
1099.61	3
1103.78	3
1107.95	1
1112.14	1
1116.34	2
1120.56	0
1124.78	2
1129.02	0
1133.28	0
1137.54	1
1141.82	3
1146.12	1
1150.42	2
1154.74	0
1159.07	2
1163.42	1
1167.78	1
1172.15	0
1176.53	2
1180.93	1
1185.34	5
1189.76	1
1194.2	2
1198.65	1
1203.12	2
1207.59	4
1212.09	1
1216.59	2
1221.11	0
1225.64	0
1230.19	1
1234.74	0
1239.32	0
1243.9	0
1248.5	0
1253.11	0
1257.74	0
1262.38	1
1267.03	1
1271.7	3
1276.38	1
1281.08	0
1285.79	1
1290.51	1
1295.25	0
1300	0
1304.76	1
1309.54	2
1314.33	0
1319.14	1
1323.96	1
1328.79	0
1333.64	0
1338.5	1
1343.38	1
1348.27	1
1353.17	0
1358.09	0
1363.02	0
1367.97	0
1372.93	1
1377.91	0
1382.9	0
1387.9	0
1392.92	0
1397.95	0
1403	0
1408.06	1
1413.14	0
1418.23	0
1423.33	0
1428.45	0
1433.59	0
1438.74	0
1443.9	0
1449.08	0
1454.27	0
1459.48	1
1464.7	1
1469.93	0
1475.18	0
1480.45	0
1485.73	0
1491.03	0
1496.34	0
1501.66	0
1507	0
1512.36	0
1517.73	0
1523.11	0
1528.51	0
1533.92	0
1539.35	0
1544.8	0
1550.26	0
1555.73	0
1561.22	0
1566.73	0
1572.25	0
1577.78	0
1583.33	0
1588.9	1
1594.48	0
1600.07	0
1605.69	0
1611.31	0
1616.95	0
1622.61	0
1628.28	0
1633.97	0
1639.68	0
1645.39	0
1651.13	0
1656.88	0
1662.65	0
1668.43	0
1674.22	1
1680.04	0
1685.86	0
1691.71	0
1697.57	0
1703.44	0
1709.33	0
1715.24	0
1721.16	0
1727.1	0
1733.05	0
1739.02	1
1745.01	0
1751.01	2
1757.03	3
1763.06	4
1769.11	2
1775.18	4
1781.26	2
1787.35	2
1793.47	2
1799.6	4
1805.74	3
1811.91	6
1818.08	0
