-32.523	0
-31.4888	0
-30.4582	0
-29.4312	0
-28.4077	0
-27.3877	0
-26.3712	0
-25.3581	0
-24.3484	0
-23.3422	0
-22.3393	0
-21.3398	0
-20.3436	0
-19.3507	0
-18.3611	0
-17.3748	0
-16.3916	0
-15.4117	0
-14.435	0
-13.4615	0
-12.4911	0
-11.5238	1
-10.5595	0
-9.59839	0
-8.64028	0
-7.68519	0
-6.73309	0
-5.78395	0
-4.83776	0
-3.89449	1
-2.95411	0
-2.0166	0
-1.08194	0
-0.150103	0
0.778936	0
1.7052	1
2.62872	1
3.54951	0
4.46759	0
5.383	0
6.29576	0
7.20589	0
8.11341	0
9.01836	0
9.92074	0
10.8206	0
11.7179	1
12.6128	0
13.5052	1
14.3952	1
15.2827	1
16.1679	4
17.0507	2
17.9312	4
18.8093	4
19.6852	4
20.5588	3
21.4301	5
22.2993	11
23.1662	11
24.031	14
24.8936	14
25.7541	6
26.6125	14
27.4689	19
28.3232	20
29.1754	18
30.0257	36
30.874	23
31.7203	40
32.5647	49
33.4072	53
34.2479	53
35.0866	61
35.9236	77
36.7587	86
37.5921	74
38.4236	101
39.2535	93
40.0817	81
40.9081	99
41.7329	115
42.5561	107
43.3776	121
44.1976	132
45.016	120
45.8329	147
46.6482	135
47.462	153
48.2744	173
49.0854	175
49.8949	144
50.703	160
51.5098	180
52.3152	235
53.1192	190
53.922	190
54.7235	204
55.5238	195
56.3228	212
57.1206	218
57.9173	236
58.7128	246
59.5072	194
60.3004	230
61.0926	238
61.8837	236
62.6738	259
63.4629	268
64.251	279
65.0382	282
65.8244	310
66.6096	357
67.3941	352
68.1776	336
68.9603	355
69.7422	361
70.5233	387
71.3036	404
72.0832	422
72.8621	385
73.6402	399
74.4178	429
75.1946	378
75.9708	376
76.7465	362
77.5216	321
78.2961	339
79.0701	335
79.8436	310
80.6166	346
81.3892	315
82.1613	330
82.933	298
83.7044	330
84.4754	271
85.246	288
86.0164	307
86.7865	323
87.5563	276
88.3259	271
89.0953	256
89.8644	237
90.6335	277
91.4024	282
92.1711	271
92.9398	289
93.7084	272
94.477	265
95.2456	284
96.0142	236
96.7828	284
97.5514	269
98.3202	271
99.089	286
99.858	252
100.627	295
101.396	287
102.166	283
102.936	293
103.706	287
104.476	287
105.246	345
106.017	293
106.788	327
107.56	309
108.332	302
109.104	328
109.877	323
110.651	324
111.424	317
112.199	320
112.974	328
113.749	346
114.525	304
115.302	371
116.079	352
116.857	354
117.635	384
118.415	374
119.195	370
119.975	364
120.757	405
121.539	363
122.323	353
123.107	368
123.892	376
124.678	394
125.464	375
126.252	377
127.041	389
127.83	365
128.621	385
129.413	374
130.206	377
131	383
131.795	425
132.591	394
133.388	414
134.187	376
134.987	403
135.788	421
136.59	399
137.394	413
138.198	378
139.005	431
139.812	378
140.621	423
141.432	402
142.243	410
143.057	420
143.871	419
144.688	382
145.506	394
146.325	400
147.146	389
147.968	403
148.792	404
149.618	373
150.446	415
151.275	364
152.106	419
152.939	416
153.773	390
154.609	412
155.447	414
156.287	402
157.129	415
157.973	407
158.818	388
159.666	420
160.515	419
161.367	411
162.22	432
163.076	430
163.933	369
164.793	438
165.655	418
166.519	426
167.385	418
168.253	427
169.124	402
169.996	396
170.871	407
171.749	431
172.628	402
173.51	396
174.394	417
175.281	433
176.17	441
177.062	421
177.955	403
178.852	427
179.751	417
180.652	435
181.556	398
182.463	410
183.372	429
184.283	390
185.198	433
186.115	403
187.035	423
187.957	419
188.882	379
189.81	396
190.741	406
191.674	446
192.611	394
193.55	416
194.492	436
195.437	398
196.385	364
197.336	411
198.29	363
199.247	384
200.207	359
201.17	379
202.136	398
203.105	369
204.078	376
205.053	347
206.032	340
207.014	373
207.999	364
208.987	360
209.979	362
210.974	367
211.972	348
212.974	391
213.979	369
214.987	332
215.999	319
217.014	370
218.032	342
219.055	352
220.08	363
221.109	311
222.142	372
223.179	316
224.219	316
225.262	333
226.309	298
227.36	325
228.415	368
229.473	308
230.536	293
231.601	311
232.671	310
233.745	339
234.822	293
235.903	312
236.989	302
238.078	279
239.171	307
240.268	316
241.369	319
242.474	331
243.583	315
244.696	312
245.813	311
246.935	341
248.06	317
249.19	308
250.324	285
251.462	302
252.604	278
253.751	316
254.902	296
256.057	298
257.217	311
258.381	284
259.549	276
260.722	249
261.899	283
263.08	266
264.266	284
265.457	266
266.652	263
267.852	263
269.056	284
270.265	271
271.478	276
272.697	266
273.919	304
275.147	269
276.379	295
277.616	270
278.858	261
280.104	269
281.356	266
282.612	282
283.873	266
285.139	275
286.41	262
287.686	275
288.967	267
290.252	267
291.543	264
292.839	278
294.14	280
295.446	228
296.757	252
298.073	251
299.395	248
300.721	265
302.053	309
303.39	259
304.732	278
306.08	261
307.433	263
308.791	269
310.154	269
311.523	258
312.898	268
314.277	286
315.663	270
317.053	236
318.449	252
319.851	267
321.258	273
322.671	229
324.09	267
325.514	276
326.943	287
328.379	278
329.82	278
331.266	293
332.719	272
334.177	293
335.641	264
337.111	278
338.587	263
340.068	267
341.556	286
343.049	238
344.548	294
346.053	276
347.565	286
349.082	266
350.605	263
352.134	306
353.67	276
355.211	265
356.759	269
358.313	285
359.872	286
361.439	250
363.011	253
364.59	322
366.174	273
367.766	271
369.363	291
370.967	290
372.577	293
374.194	305
375.817	291
377.446	282
379.082	294
380.724	294
382.373	276
384.029	299
385.691	263
387.359	281
389.035	309
390.716	309
392.405	302
394.1	283
395.802	295
397.511	295
399.226	293
400.948	298
402.677	293
404.413	329
406.156	320
407.905	321
409.662	294
411.425	316
413.195	310
414.973	290
416.757	310
418.548	311
420.347	314
422.152	348
423.964	313
425.784	295
427.611	322
429.445	311
431.286	284
433.134	338
434.99	321
436.853	314
438.723	328
440.6	334
442.485	301
444.377	294
446.277	322
448.184	321
450.098	325
452.02	292
453.949	289
455.886	301
457.83	312
459.782	335
461.742	278
463.709	341
465.683	292
467.666	296
469.656	317
471.653	308
473.659	284
475.672	311
477.693	320
479.722	294
481.758	293
483.803	291
485.855	297
487.915	286
489.983	281
492.059	282
494.143	247
496.235	277
498.335	306
500.443	250
502.56	255
504.684	270
506.816	242
508.957	254
511.105	239
513.262	220
515.427	265
517.6	271
519.782	252
521.971	216
524.169	246
526.376	224
528.59	241
530.814	231
533.045	246
535.285	225
537.533	232
539.79	206
542.056	221
544.33	235
546.612	210
548.903	221
551.203	230
553.511	234
555.828	219
558.153	222
560.487	203
562.83	230
565.182	202
567.542	237
569.911	221
572.289	199
574.676	218
577.072	242
579.477	229
581.89	239
584.313	239
586.744	227
589.184	249
591.634	219
594.092	292
596.56	297
599.036	286
601.522	322
604.017	288
606.521	310
609.034	310
611.556	295
614.087	344
616.628	373
619.178	361
621.737	392
624.306	413
626.884	402
629.471	485
632.068	481
634.674	498
637.29	514
639.915	542
642.55	561
645.194	533
647.847	622
650.51	620
653.183	635
655.866	693
658.558	729
661.259	692
663.971	762
666.692	758
669.422	769
672.163	812
674.913	801
677.673	855
680.443	921
683.223	894
686.013	895
688.812	888
691.622	924
694.441	941
697.271	906
700.11	928
702.96	957
705.819	922
708.689	951
711.568	957
714.458	882
717.358	876
720.268	857
723.188	896
726.119	815
729.059	867
732.01	851
734.972	901
737.943	789
740.925	810
743.917	763
746.92	730
749.933	729
752.957	666
755.991	718
759.035	653
762.09	641
765.155	619
768.231	602
771.318	551
774.415	512
777.523	516
780.641	520
783.771	535
786.91	509
790.061	399
793.222	388
796.394	383
799.577	359
802.771	349
805.975	319
809.191	363
812.417	261
815.654	267
818.903	278
822.162	241
825.432	248
828.713	204
832.005	197
835.308	189
838.622	169
841.948	134
845.284	130
848.632	151
851.991	108
855.361	106
858.742	107
862.135	98
865.539	91
868.954	73
872.38	71
875.818	63
879.268	56
882.728	65
886.2	43
889.684	37
893.179	37
896.685	34
900.203	34
903.732	30
907.274	34
910.826	21
914.391	26
917.966	17
921.554	18
925.153	22
928.764	16
932.387	20
936.022	24
939.668	17
943.326	22
946.996	13
950.678	13
954.371	14
958.077	12
961.794	13
965.524	15
969.265	10
973.019	10
976.784	11
980.562	10
984.351	6
988.153	12
991.967	14
995.793	11
999.631	8
1003.48	16
1007.34	12
1011.22	10
1015.11	3
1019.01	9
1022.92	17
1026.84	7
1030.78	8
1034.73	12
1038.69	18
1042.66	3
1046.65	5
1050.65	9
1054.66	10
1058.68	7
1062.72	9
1066.77	9
1070.83	8
1074.9	9
1078.99	8
1083.09	8
1087.2	17
1091.32	11
1095.46	8
1099.61	8
1103.78	7
1107.95	16
1112.14	14
1116.34	10
1120.56	14
1124.78	15
1129.02	8
1133.28	9
1137.54	5
1141.82	8
1146.12	3
1150.42	2
1154.74	5
1159.07	4
1163.42	7
1167.78	10
1172.15	5
1176.53	1
1180.93	5
1185.34	5
1189.76	1
1194.2	1
1198.65	7
1203.12	7
1207.59	7
1212.09	8
1216.59	5
1221.11	9
1225.64	4
1230.19	13
1234.74	12
1239.32	8
1243.9	16
1248.5	6
1253.11	17
1257.74	10
1262.38	8
1267.03	5
1271.7	7
1276.38	4
1281.08	7
1285.79	3
1290.51	2
1295.25	1
1300	4
1304.76	1
1309.54	2
1314.33	2
1319.14	0
1323.96	1
1328.79	1
1333.64	1
1338.5	1
1343.38	1
1348.27	2
1353.17	2
1358.09	0
1363.02	0
1367.97	0
1372.93	1
1377.91	0
1382.9	0
1387.9	1
1392.92	0
1397.95	1
1403	0
1408.06	0
1413.14	0
1418.23	1
1423.33	0
1428.45	0
1433.59	0
1438.74	0
1443.9	0
1449.08	0
1454.27	2
1459.48	0
1464.7	0
1469.93	1
1475.18	0
1480.45	0
1485.73	0
1491.03	1
1496.34	0
1501.66	0
1507	0
1512.36	2
1517.73	0
1523.11	0
1528.51	1
1533.92	0
1539.35	0
1544.8	0
1550.26	0
1555.73	0
1561.22	1
1566.73	0
1572.25	0
1577.78	0
1583.33	1
1588.9	0
1594.48	0
1600.07	1
1605.69	0
1611.31	0
1616.95	0
1622.61	0
1628.28	0
1633.97	0
1639.68	0
1645.39	0
1651.13	0
1656.88	0
1662.65	0
1668.43	0
1674.22	0
1680.04	0
1685.86	0
1691.71	0
1697.57	0
1703.44	0
1709.33	1
1715.24	0
1721.16	0
1727.1	0
1733.05	0
1739.02	1
1745.01	4
1751.01	2
1757.03	5
1763.06	7
1769.11	4
1775.18	2
1781.26	1
1787.35	1
1793.47	2
1799.6	2
1805.74	0
1811.91	3
1818.08	3
