-32.523	0
-31.4888	0
-30.4582	0
-29.4312	0
-28.4077	1
-27.3877	0
-26.3712	0
-25.3581	2
-24.3484	0
-23.3422	0
-22.3393	0
-21.3398	0
-20.3436	0
-19.3507	1
-18.3611	0
-17.3748	0
-16.3916	0
-15.4117	0
-14.435	0
-13.4615	0
-12.4911	0
-11.5238	0
-10.5595	0
-9.59839	0
-8.64028	0
-7.68519	1
-6.73309	0
-5.78395	0
-4.83776	0
-3.89449	0
-2.95411	0
-2.0166	0
-1.08194	0
-0.150103	0
0.778936	0
1.7052	0
2.62872	0
3.54951	0
4.46759	1
5.383	0
6.29576	0
7.20589	0
8.11341	0
9.01836	0
9.92074	0
10.8206	0
11.7179	0
12.6128	1
13.5052	0
14.3952	0
15.2827	1
16.1679	0
17.0507	2
17.9312	1
18.8093	2
19.6852	2
20.5588	1
21.4301	4
22.2993	5
23.1662	7
24.031	3
24.8936	12
25.7541	17
26.6125	13
27.4689	11
28.3232	19
29.1754	22
30.0257	26
30.874	26
31.7203	37
32.5647	49
33.4072	54
34.2479	55
35.0866	56
35.9236	66
36.7587	59
37.5921	53
38.4236	89
39.2535	96
40.0817	85
40.9081	86
41.7329	84
42.5561	102
43.3776	98
44.1976	121
45.016	148
45.8329	129
46.6482	126
47.462	156
48.2744	154
49.0854	170
49.8949	148
50.703	155
51.5098	160
52.3152	179
53.1192	161
53.922	176
54.7235	173
55.5238	191
56.3228	182
57.1206	209
57.9173	211
58.7128	230
59.5072	197
60.3004	202
61.0926	214
61.8837	230
62.6738	256
63.4629	232
64.251	284
65.0382	262
65.8244	345
66.6096	315
67.3941	333
68.1776	368
68.9603	366
69.7422	339
70.5233	375
71.3036	375
72.0832	357
72.8621	367
73.6402	378
74.4178	344
75.1946	334
75.9708	340
76.7465	352
77.5216	296
78.2961	341
79.0701	320
79.8436	314
80.6166	303
81.3892	266
82.1613	282
82.933	280
83.7044	278
84.4754	287
85.246	282
86.0164	288
86.7865	270
87.5563	275
88.3259	283
89.0953	292
89.8644	265
90.6335	273
91.4024	238
92.1711	267
92.9398	241
93.7084	258
94.477	268
95.2456	249
96.0142	246
96.7828	252
97.5514	249
98.3202	279
99.089	274
99.858	284
100.627	273
101.396	244
102.166	275
102.936	271
103.706	271
104.476	288
105.246	311
106.017	283
106.788	260
107.56	270
108.332	316
109.104	312
109.877	298
110.651	283
111.424	305
112.199	322
112.974	312
113.749	340
114.525	334
115.302	317
116.079	345
116.857	305
117.635	358
118.415	337
119.195	344
119.975	318
120.757	349
121.539	331
122.323	359
123.107	366
123.892	355
124.678	375
125.464	350
126.252	338
127.041	380
127.83	348
128.621	355
129.413	365
130.206	380
131	375
131.795	345
132.591	356
133.388	393
134.187	350
134.987	380
135.788	405
136.59	406
137.394	400
138.198	413
139.005	384
139.812	415
140.621	403
141.432	389
142.243	401
143.057	385
143.871	396
144.688	382
145.506	398
146.325	418
147.146	397
147.968	391
148.792	402
149.618	382
150.446	392
151.275	405
152.106	360
152.939	408
153.773	382
154.609	392
155.447	379
156.287	366
157.129	398
157.973	373
158.818	421
159.666	398
160.515	367
161.367	396
162.22	416
163.076	366
163.933	416
164.793	399
165.655	403
166.519	388
167.385	407
168.253	368
169.124	375
169.996	378
170.871	379
171.749	391
172.628	384
173.51	413
174.394	419
175.281	394
176.17	363
177.062	372
177.955	408
178.852	378
179.751	394
180.652	405
181.556	384
182.463	393
183.372	403
184.283	380
185.198	407
186.115	385
187.035	398
187.957	404
188.882	372
189.81	398
190.741	350
191.674	377
192.611	363
193.55	352
194.492	338
195.437	360
196.385	374
197.336	334
198.29	340
199.247	343
200.207	388
201.17	316
202.136	347
203.105	340
204.078	343
205.053	349
206.032	347
207.014	330
207.999	313
208.987	370
209.979	348
210.974	339
211.972	327
212.974	324
213.979	309
214.987	320
215.999	321
217.014	346
218.032	318
219.055	292
220.08	332
221.109	333
222.142	329
223.179	312
224.219	315
225.262	316
226.309	292
227.36	312
228.415	287
229.473	286
230.536	271
231.601	260
232.671	286
233.745	283
234.822	299
235.903	305
236.989	281
238.078	292
239.171	282
240.268	308
241.369	292
242.474	259
243.583	281
244.696	283
245.813	282
246.935	268
248.06	317
249.19	275
250.324	304
251.462	260
252.604	280
253.751	298
254.902	249
256.057	262
257.217	276
258.381	263
259.549	248
260.722	231
261.899	273
263.08	252
264.266	259
265.457	231
266.652	261
267.852	258
269.056	238
270.265	262
271.478	267
272.697	269
273.919	267
275.147	268
276.379	248
277.616	265
278.858	247
280.104	252
281.356	259
282.612	240
283.873	267
285.139	242
286.41	255
287.686	268
288.967	287
290.252	244
291.543	275
292.839	233
294.14	274
295.446	260
296.757	229
298.073	271
299.395	277
300.721	277
302.053	262
303.39	258
304.732	242
306.08	221
307.433	246
308.791	261
310.154	221
311.523	276
312.898	243
314.277	228
315.663	273
317.053	263
318.449	266
319.851	243
321.258	257
322.671	268
324.09	270
325.514	262
326.943	264
328.379	252
329.82	259
331.266	273
332.719	253
334.177	259
335.641	276
337.111	271
338.587	244
340.068	263
341.556	240
343.049	278
344.548	250
346.053	285
347.565	256
349.082	262
350.605	294
352.134	270
353.67	247
355.211	275
356.759	289
358.313	284
359.872	310
361.439	257
363.011	283
364.59	265
366.174	260
367.766	270
369.363	280
370.967	220
372.577	259
374.194	260
375.817	311
377.446	277
379.082	293
380.724	290
382.373	264
384.029	272
385.691	249
387.359	264
389.035	280
390.716	272
392.405	298
394.1	272
395.802	269
397.511	252
399.226	270
400.948	293
402.677	274
404.413	273
406.156	265
407.905	268
409.662	270
411.425	273
413.195	269
414.973	258
416.757	269
418.548	261
420.347	247
422.152	267
423.964	258
425.784	253
427.611	262
429.445	247
431.286	309
433.134	263
434.99	265
436.853	282
438.723	243
440.6	240
442.485	245
444.377	257
446.277	242
448.184	229
450.098	281
452.02	256
453.949	265
455.886	226
457.83	234
459.782	231
461.742	227
463.709	233
465.683	235
467.666	233
469.656	205
471.653	233
473.659	215
475.672	227
477.693	203
479.722	199
481.758	221
483.803	212
485.855	209
487.915	199
489.983	195
492.059	195
494.143	198
496.235	187
498.335	208
500.443	180
502.56	201
504.684	157
506.816	217
508.957	181
511.105	210
513.262	201
515.427	185
517.6	175
519.782	212
521.971	194
524.169	199
526.376	202
528.59	199
530.814	214
533.045	212
535.285	214
537.533	180
539.79	223
542.056	196
544.33	217
546.612	220
548.903	262
551.203	251
553.511	246
555.828	265
558.153	270
560.487	283
562.83	282
565.182	298
567.542	326
569.911	333
572.289	345
574.676	346
577.072	366
579.477	393
581.89	401
584.313	432
586.744	438
589.184	509
591.634	490
594.092	505
596.56	536
599.036	555
601.522	594
604.017	616
606.521	661
609.034	621
611.556	646
614.087	673
616.628	731
619.178	741
621.737	701
624.306	723
626.884	786
629.471	793
632.068	835
634.674	846
637.29	821
639.915	763
642.55	852
645.194	876
647.847	924
650.51	865
653.183	863
655.866	865
658.558	918
661.259	894
663.971	872
666.692	878
669.422	881
672.163	912
674.913	897
677.673	894
680.443	810
683.223	799
686.013	757
688.812	729
691.622	716
694.441	751
697.271	698
700.11	668
702.96	658
705.819	636
708.689	671
711.568	577
714.458	579
717.358	592
720.268	554
723.188	492
726.119	475
729.059	425
732.01	448
734.972	412
737.943	350
740.925	348
743.917	324
746.92	323
749.933	337
752.957	255
755.991	241
759.035	244
762.09	236
765.155	211
768.231	215
771.318	190
774.415	166
777.523	183
780.641	136
783.771	138
786.91	135
790.061	100
793.222	129
796.394	103
799.577	93
802.771	97
805.975	77
809.191	72
812.417	67
815.654	65
818.903	66
822.162	61
825.432	47
828.713	45
832.005	63
835.308	39
838.622	49
841.948	40
845.284	34
848.632	52
851.991	38
855.361	32
858.742	30
862.135	34
865.539	28
868.954	29
872.38	22
875.818	18
879.268	27
882.728	17
886.2	21
889.684	16
893.179	23
896.685	21
900.203	18
903.732	12
907.274	8
910.826	11
914.391	16
917.966	6
921.554	10
925.153	14
928.764	11
932.387	12
936.022	7
939.668	4
943.326	6
946.996	10
950.678	5
954.371	13
958.077	7
961.794	5
965.524	9
969.265	6
973.019	12
976.784	7
980.562	7
984.351	7
988.153	7
991.967	3
995.793	11
999.631	7
1003.48	10
1007.34	5
1011.22	6
1015.11	13
1019.01	8
1022.92	12
1026.84	14
1030.78	9
1034.73	10
1038.69	7
1042.66	7
1046.65	10
1050.65	3
1054.66	6
1058.68	9
1062.72	10
1066.77	4
1070.83	7
1074.9	7
1078.99	10
1083.09	5
1087.2	8
1091.32	8
1095.46	11
1099.61	10
1103.78	11
1107.95	12
1112.14	13
1116.34	9
1120.56	12
1124.78	12
1129.02	14
1133.28	6
1137.54	10
1141.82	10
1146.12	5
1150.42	4
1154.74	7
1159.07	7
1163.42	4
1167.78	3
1172.15	3
1176.53	5
1180.93	4
1185.34	2
1189.76	6
1194.2	2
1198.65	7
1203.12	9
1207.59	4
1212.09	5
1216.59	7
1221.11	5
1225.64	10
1230.19	3
1234.74	7
1239.32	9
1243.9	15
1248.5	15
1253.11	8
1257.74	7
1262.38	10
1267.03	9
1271.7	6
1276.38	9
1281.08	6
1285.79	5
1290.51	2
1295.25	1
1300	5
1304.76	2
1309.54	1
1314.33	3
1319.14	0
1323.96	1
1328.79	2
1333.64	2
1338.5	0
1343.38	1
1348.27	1
1353.17	1
1358.09	2
1363.02	1
1367.97	0
1372.93	0
1377.91	1
1382.9	0
1387.9	0
1392.92	0
1397.95	0
1403	0
1408.06	1
1413.14	0
1418.23	0
1423.33	0
1428.45	0
1433.59	0
1438.74	1
1443.9	0
1449.08	1
1454.27	0
1459.48	0
1464.7	0
1469.93	2
1475.18	0
1480.45	2
1485.73	0
1491.03	0
1496.34	0
1501.66	0
1507	0
1512.36	0
1517.73	3
1523.11	0
1528.51	0
1533.92	1
1539.35	0
1544.8	1
1550.26	1
1555.73	1
1561.22	1
1566.73	1
1572.25	0
1577.78	1
1583.33	2
1588.9	0
1594.48	0
1600.07	0
1605.69	0
1611.31	0
1616.95	0
1622.61	0
1628.28	0
1633.97	0
1639.68	1
1645.39	0
1651.13	0
1656.88	2
1662.65	2
1668.43	0
1674.22	0
1680.04	0
1685.86	0
1691.71	0
1697.57	0
1703.44	0
1709.33	1
1715.24	0
1721.16	1
1727.1	0
1733.05	0
1739.02	0
1745.01	2
1751.01	4
1757.03	4
1763.06	2
1769.11	6
1775.18	3
1781.26	5
1787.35	4
1793.47	3
1799.6	3
1805.74	4
1811.91	3
1818.08	4
