-32.523	0
-31.4888	0
-30.4582	3
-29.4312	0
-28.4077	0
-27.3877	0
-26.3712	0
-25.3581	1
-24.3484	5
-23.3422	6
-22.3393	0
-21.3398	1
-20.3436	2
-19.3507	5
-18.3611	2
-17.3748	4
-16.3916	2
-15.4117	1
-14.435	1
-13.4615	0
-12.4911	1
-11.5238	2
-10.5595	1
-9.59839	0
-8.64028	0
-7.68519	0
-6.73309	2
-5.78395	1
-4.83776	1
-3.89449	3
-2.95411	0
-2.0166	1
-1.08194	1
-0.150103	1
0.778936	2
1.7052	2
2.62872	3
3.54951	0
4.46759	3
5.383	1
6.29576	1
7.20589	1
8.11341	1
9.01836	2
9.92074	1
10.8206	2
11.7179	2
12.6128	3
13.5052	5
14.3952	13
15.2827	2
16.1679	16
17.0507	12
17.9312	12
18.8093	20
19.6852	23
20.5588	27
21.4301	30
22.2993	45
23.1662	44
24.031	49
24.8936	68
25.7541	88
26.6125	115
27.4689	126
28.3232	161
29.1754	190
30.0257	207
30.874	253
31.7203	279
32.5647	321
33.4072	345
34.2479	413
35.0866	427
35.9236	493
36.7587	585
37.5921	569
38.4236	687
39.2535	647
40.0817	764
40.9081	792
41.7329	800
42.5561	859
43.3776	916
44.1976	919
45.016	976
45.8329	1013
46.6482	1007
47.462	1042
48.2744	1106
49.0854	1161
49.8949	1161
50.703	1186
51.5098	1310
52.3152	1255
53.1192	1338
53.922	1298
54.7235	1377
55.5238	1328
56.3228	1427
57.1206	1446
57.9173	1511
58.7128	1518
59.5072	1588
60.3004	1572
61.0926	1626
61.8837	1798
62.6738	1786
63.4629	1847
64.251	1883
65.0382	2072
65.8244	2140
66.6096	2414
67.3941	2423
68.1776	2526
68.9603	2604
69.7422	2676
70.5233	2739
71.3036	2835
72.0832	2726
72.8621	2817
73.6402	2768
74.4178	2710
75.1946	2539
75.9708	2530
76.7465	2373
77.5216	2401
78.2961	2282
79.0701	2392
79.8436	2167
80.6166	2169
81.3892	2153
82.1613	2167
82.933	2143
83.7044	2108
84.4754	2115
85.246	1955
86.0164	2055
86.7865	2027
87.5563	1954
88.3259	1975
89.0953	1934
89.8644	1922
90.6335	1903
91.4024	1881
92.1711	1858
92.9398	1820
93.7084	1902
94.477	1860
95.2456	1863
96.0142	1893
96.7828	1909
97.5514	1955
98.3202	1923
99.089	1956
99.858	1992
100.627	1959
101.396	1990
102.166	1923
102.936	2114
103.706	2088
104.476	2068
105.246	2126
106.017	2131
106.788	2278
107.56	2259
108.332	2199
109.104	2310
109.877	2318
110.651	2358
111.424	2399
112.199	2397
112.974	2363
113.749	2471
114.525	2583
115.302	2584
116.079	2495
116.857	2624
117.635	2580
118.415	2652
119.195	2678
119.975	2721
120.757	2701
121.539	2723
122.323	2758
123.107	2737
123.892	2605
124.678	2677
125.464	2676
126.252	2697
127.041	2736
127.83	2715
128.621	2757
129.413	2691
130.206	2691
131	2676
131.795	2716
132.591	2779
133.388	2695
134.187	2718
134.987	2759
135.788	2850
136.59	2768
137.394	2826
138.198	2645
139.005	2719
139.812	2702
140.621	2704
141.432	2676
142.243	2740
143.057	2678
143.871	2806
144.688	2680
145.506	2733
146.325	2671
147.146	2686
147.968	2808
148.792	2686
149.618	2705
150.446	2746
151.275	2676
152.106	2779
152.939	2735
153.773	2759
154.609	2678
155.447	2687
156.287	2711
157.129	2570
157.973	2800
158.818	2773
159.666	2773
160.515	2697
161.367	2768
162.22	2781
163.076	2769
163.933	2745
164.793	2649
165.655	2745
166.519	2708
167.385	2743
168.253	2784
169.124	2784
169.996	2742
170.871	2827
171.749	2718
172.628	2651
173.51	2814
174.394	2797
175.281	2640
176.17	2774
177.062	2827
177.955	2747
178.852	2776
179.751	2746
180.652	2700
181.556	2657
182.463	2725
183.372	2748
184.283	2713
185.198	2744
186.115	2695
187.035	2754
187.957	2670
188.882	2720
189.81	2636
190.741	2674
191.674	2544
192.611	2641
193.55	2616
194.492	2537
195.437	2637
196.385	2527
197.336	2608
198.29	2528
199.247	2483
200.207	2565
201.17	2460
202.136	2411
203.105	2477
204.078	2316
205.053	2399
206.032	2384
207.014	2285
207.999	2372
208.987	2454
209.979	2234
210.974	2454
211.972	2245
212.974	2259
213.979	2299
214.987	2199
215.999	2324
217.014	2273
218.032	2158
219.055	2163
220.08	2148
221.109	2153
222.142	2191
223.179	2150
224.219	2133
225.262	2026
226.309	2098
227.36	2006
228.415	2020
229.473	2022
230.536	2011
231.601	2084
232.671	1973
233.745	1954
234.822	1900
235.903	1968
236.989	1887
238.078	1911
239.171	1883
240.268	1918
241.369	1917
242.474	1863
243.583	1896
244.696	1875
245.813	1935
246.935	1838
248.06	1845
249.19	1688
250.324	1808
251.462	1819
252.604	1747
253.751	1816
254.902	1718
256.057	1728
257.217	1702
258.381	1684
259.549	1769
260.722	1692
261.899	1664
263.08	1769
264.266	1733
265.457	1608
266.652	1681
267.852	1662
269.056	1715
270.265	1654
271.478	1605
272.697	1596
273.919	1613
275.147	1573
276.379	1523
277.616	1591
278.858	1563
280.104	1528
281.356	1562
282.612	1628
283.873	1567
285.139	1533
286.41	1506
287.686	1549
288.967	1580
290.252	1598
291.543	1564
292.839	1622
294.14	1560
295.446	1601
296.757	1509
298.073	1479
299.395	1604
300.721	1617
302.053	1539
303.39	1577
304.732	1510
306.08	1513
307.433	1521
308.791	1536
310.154	1472
311.523	1488
312.898	1587
314.277	1494
315.663	1480
317.053	1510
318.449	1497
319.851	1538
321.258	1558
322.671	1492
324.09	1485
325.514	1504
326.943	1445
328.379	1470
329.82	1443
331.266	1564
332.719	1448
334.177	1477
335.641	1473
337.111	1501
338.587	1515
340.068	1490
341.556	1530
343.049	1577
344.548	1537
346.053	1450
347.565	1491
349.082	1490
350.605	1415
352.134	1485
353.67	1549
355.211	1564
356.759	1501
358.313	1450
359.872	1549
361.439	1519
363.011	1522
364.59	1556
366.174	1572
367.766	1500
369.363	1484
370.967	1538
372.577	1564
374.194	1544
375.817	1534
377.446	1535
379.082	1501
380.724	1524
382.373	1563
384.029	1518
385.691	1530
387.359	1480
389.035	1530
390.716	1516
392.405	1643
394.1	1574
395.802	1543
397.511	1578
399.226	1586
400.948	1651
402.677	1517
404.413	1568
406.156	1607
407.905	1614
409.662	1591
411.425	1555
413.195	1667
414.973	1592
416.757	1590
418.548	1618
420.347	1647
422.152	1570
423.964	1558
425.784	1635
427.611	1669
429.445	1663
431.286	1629
433.134	1697
434.99	1602
436.853	1631
438.723	1652
440.6	1656
442.485	1686
444.377	1710
446.277	1611
448.184	1686
450.098	1728
452.02	1693
453.949	1719
455.886	1732
457.83	1700
459.782	1736
461.742	1701
463.709	1798
465.683	1711
467.666	1793
469.656	1747
471.653	1804
473.659	1766
475.672	1799
477.693	1746
479.722	1816
481.758	1830
483.803	1831
485.855	1877
487.915	1811
489.983	1810
492.059	1861
494.143	1799
496.235	1760
498.335	1818
500.443	1842
502.56	1886
504.684	1821
506.816	1969
508.957	1841
511.105	1945
513.262	1798
515.427	1827
517.6	1908
519.782	1834
521.971	1897
524.169	1951
526.376	1954
528.59	1794
530.814	1870
533.045	1929
535.285	1926
537.533	1903
539.79	1916
542.056	1920
544.33	1913
546.612	1881
548.903	1917
551.203	1860
553.511	1902
555.828	2000
558.153	1922
560.487	1876
562.83	1747
565.182	1864
567.542	1822
569.911	1843
572.289	1778
574.676	1907
577.072	1791
579.477	1773
581.89	1823
584.313	1780
586.744	1774
589.184	1757
591.634	1794
594.092	1770
596.56	1752
599.036	1734
601.522	1674
604.017	1665
606.521	1703
609.034	1708
611.556	1604
614.087	1651
616.628	1595
619.178	1622
621.737	1650
624.306	1647
626.884	1602
629.471	1535
632.068	1587
634.674	1521
637.29	1535
639.915	1586
642.55	1527
645.194	1428
647.847	1485
650.51	1459
653.183	1433
655.866	1370
658.558	1456
661.259	1411
663.971	1424
666.692	1351
669.422	1321
672.163	1382
674.913	1310
677.673	1338
680.443	1340
683.223	1409
686.013	1423
688.812	1355
691.622	1438
694.441	1478
697.271	1452
700.11	1422
702.96	1465
705.819	1577
708.689	1676
711.568	1679
714.458	1752
717.358	1809
720.268	1856
723.188	1959
726.119	2050
729.059	2147
732.01	2280
734.972	2336
737.943	2420
740.925	2594
743.917	2634
746.92	2789
749.933	2830
752.957	2925
755.991	3121
759.035	3170
762.09	3269
765.155	3329
768.231	3613
771.318	3543
774.415	3670
777.523	3710
780.641	3791
783.771	3843
786.91	4048
790.061	3964
793.222	4033
796.394	4130
799.577	4329
802.771	4181
805.975	4063
809.191	4177
812.417	4270
815.654	4314
818.903	4165
822.162	4077
825.432	4294
828.713	4340
832.005	4292
835.308	4221
838.622	4357
841.948	4415
845.284	4345
848.632	4380
851.991	4354
855.361	4405
858.742	4331
862.135	4383
865.539	4357
868.954	4439
872.38	4215
875.818	4258
879.268	4264
882.728	4183
886.2	4164
889.684	4125
893.179	4070
896.685	3910
900.203	3689
903.732	3556
907.274	3453
910.826	3310
914.391	3260
917.966	2921
921.554	2724
925.153	2627
928.764	2422
932.387	2346
936.022	2117
939.668	1991
943.326	1826
946.996	1602
950.678	1488
954.371	1357
958.077	1093
961.794	1063
965.524	910
969.265	784
973.019	761
976.784	657
980.562	533
984.351	460
988.153	440
991.967	373
995.793	287
999.631	276
1003.48	256
1007.34	226
1011.22	163
1015.11	170
1019.01	152
1022.92	125
1026.84	116
1030.78	114
1034.73	99
1038.69	108
1042.66	82
1046.65	91
1050.65	98
1054.66	88
1058.68	69
1062.72	86
1066.77	88
1070.83	95
1074.9	99
1078.99	93
1083.09	76
1087.2	94
1091.32	100
1095.46	87
1099.61	101
1103.78	96
1107.95	81
1112.14	97
1116.34	110
1120.56	92
1124.78	80
1129.02	76
1133.28	78
1137.54	76
1141.82	49
1146.12	59
1150.42	49
1154.74	51
1159.07	49
1163.42	49
1167.78	32
1172.15	41
1176.53	44
1180.93	39
1185.34	71
1189.76	55
1194.2	48
1198.65	66
1203.12	77
1207.59	61
1212.09	84
1216.59	72
1221.11	77
1225.64	95
1230.19	99
1234.74	75
1239.32	76
1243.9	109
1248.5	89
1253.11	97
1257.74	99
1262.38	67
1267.03	60
1271.7	57
1276.38	59
1281.08	30
1285.79	30
1290.51	26
1295.25	23
1300	17
1304.76	11
1309.54	21
1314.33	13
1319.14	10
1323.96	15
1328.79	10
1333.64	11
1338.5	7
1343.38	10
1348.27	5
1353.17	7
1358.09	8
1363.02	9
1367.97	9
1372.93	5
1377.91	9
1382.9	3
1387.9	4
1392.92	3
1397.95	9
1403	3
1408.06	4
1413.14	2
1418.23	5
1423.33	2
1428.45	1
1433.59	3
1438.74	2
1443.9	3
1449.08	2
1454.27	7
1459.48	2
1464.7	3
1469.93	1
1475.18	1
1480.45	3
1485.73	4
1491.03	0
1496.34	2
1501.66	2
1507	3
1512.36	2
1517.73	2
1523.11	2
1528.51	3
1533.92	5
1539.35	2
1544.8	3
1550.26	3
1555.73	1
1561.22	3
1566.73	4
1572.25	3
1577.78	5
1583.33	1
1588.9	4
1594.48	3
1600.07	3
1605.69	4
1611.31	2
1616.95	2
1622.61	1
1628.28	2
1633.97	1
1639.68	1
1645.39	2
1651.13	4
1656.88	1
1662.65	0
1668.43	9
1674.22	1
1680.04	2
1685.86	1
1691.71	1
1697.57	1
1703.44	2
1709.33	1
1715.24	0
1721.16	1
1727.1	2
1733.05	1
1739.02	1
1745.01	26
1751.01	37
1757.03	31
1763.06	22
1769.11	30
1775.18	27
1781.26	26
1787.35	32
1793.47	23
1799.6	31
1805.74	25
1811.91	28
1818.08	34
