-32.523	0
-31.4888	0
-30.4582	0
-29.4312	0
-28.4077	0
-27.3877	0
-26.3712	1
-25.3581	0
-24.3484	1
-23.3422	1
-22.3393	0
-21.3398	0
-20.3436	0
-19.3507	0
-18.3611	1
-17.3748	0
-16.3916	0
-15.4117	0
-14.435	1
-13.4615	2
-12.4911	0
-11.5238	0
-10.5595	0
-9.59839	2
-8.64028	2
-7.68519	2
-6.73309	1
-5.78395	0
-4.83776	0
-3.89449	0
-2.95411	0
-2.0166	0
-1.08194	0
-0.150103	1
0.778936	0
1.7052	0
2.62872	0
3.54951	1
4.46759	0
5.383	0
6.29576	1
7.20589	1
8.11341	1
9.01836	0
9.92074	0
10.8206	1
11.7179	1
12.6128	0
13.5052	0
14.3952	1
15.2827	1
16.1679	5
17.0507	0
17.9312	5
18.8093	5
19.6852	3
20.5588	8
21.4301	10
22.2993	15
23.1662	11
24.031	15
24.8936	17
25.7541	20
26.6125	34
27.4689	38
28.3232	35
29.1754	37
30.0257	61
30.874	53
31.7203	87
32.5647	90
33.4072	102
34.2479	87
35.0866	129
35.9236	139
36.7587	133
37.5921	167
38.4236	166
39.2535	150
40.0817	183
40.9081	198
41.7329	245
42.5561	249
43.3776	222
44.1976	284
45.016	261
45.8329	293
46.6482	285
47.462	307
48.2744	342
49.0854	327
49.8949	368
50.703	366
51.5098	341
52.3152	355
53.1192	389
53.922	415
54.7235	377
55.5238	421
56.3228	412
57.1206	442
57.9173	421
58.7128	485
59.5072	492
60.3004	522
61.0926	545
61.8837	539
62.6738	527
63.4629	584
64.251	599
65.0382	691
65.8244	733
66.6096	709
67.3941	744
68.1776	765
68.9603	753
69.7422	715
70.5233	763
71.3036	748
72.0832	705
72.8621	737
73.6402	709
74.4178	689
75.1946	643
75.9708	658
76.7465	669
77.5216	628
78.2961	640
79.0701	579
79.8436	652
80.6166	651
81.3892	627
82.1613	619
82.933	573
83.7044	605
84.4754	565
85.246	527
86.0164	579
86.7865	580
87.5563	558
88.3259	552
89.0953	525
89.8644	559
90.6335	546
91.4024	592
92.1711	526
92.9398	550
93.7084	593
94.477	567
95.2456	587
96.0142	594
96.7828	584
97.5514	613
98.3202	599
99.089	562
99.858	604
100.627	626
101.396	607
102.166	654
102.936	624
103.706	645
104.476	652
105.246	689
106.017	637
106.788	704
107.56	733
108.332	695
109.104	736
109.877	713
110.651	705
111.424	701
112.199	723
112.974	771
113.749	749
114.525	673
115.302	754
116.079	737
116.857	793
117.635	742
118.415	758
119.195	771
119.975	771
120.757	760
121.539	756
122.323	742
123.107	772
123.892	778
124.678	767
125.464	720
126.252	770
127.041	789
127.83	736
128.621	771
129.413	730
130.206	748
131	770
131.795	784
132.591	757
133.388	775
134.187	794
134.987	769
135.788	772
136.59	788
137.394	756
138.198	809
139.005	707
139.812	724
140.621	796
141.432	735
142.243	793
143.057	798
143.871	711
144.688	763
145.506	735
146.325	757
147.146	755
147.968	776
148.792	685
149.618	774
150.446	731
151.275	738
152.106	766
152.939	710
153.773	802
154.609	741
155.447	797
156.287	771
157.129	802
157.973	766
158.818	820
159.666	790
160.515	760
161.367	776
162.22	759
163.076	810
163.933	794
164.793	796
165.655	790
166.519	863
167.385	789
168.253	811
169.124	845
169.996	811
170.871	834
171.749	828
172.628	815
173.51	809
174.394	811
175.281	845
176.17	815
177.062	781
177.955	840
178.852	831
179.751	843
180.652	821
181.556	882
182.463	851
183.372	787
184.283	767
185.198	798
186.115	810
187.035	834
187.957	741
188.882	751
189.81	791
190.741	799
191.674	829
192.611	788
193.55	796
194.492	832
195.437	703
196.385	744
197.336	780
198.29	730
199.247	756
200.207	694
201.17	770
202.136	729
203.105	763
204.078	703
205.053	744
206.032	671
207.014	710
207.999	659
208.987	691
209.979	679
210.974	700
211.972	681
212.974	675
213.979	666
214.987	671
215.999	680
217.014	659
218.032	624
219.055	645
220.08	633
221.109	660
222.142	638
223.179	637
224.219	590
225.262	638
226.309	632
227.36	626
228.415	587
229.473	594
230.536	589
231.601	568
232.671	623
233.745	566
234.822	589
235.903	569
236.989	569
238.078	541
239.171	558
240.268	520
241.369	546
242.474	554
243.583	568
244.696	579
245.813	506
246.935	547
248.06	577
249.19	529
250.324	557
251.462	541
252.604	524
253.751	518
254.902	490
256.057	538
257.217	484
258.381	499
259.549	522
260.722	474
261.899	509
263.08	468
264.266	523
265.457	497
266.652	456
267.852	500
269.056	476
270.265	453
271.478	487
272.697	482
273.919	442
275.147	454
276.379	495
277.616	468
278.858	453
280.104	453
281.356	478
282.612	470
283.873	486
285.139	485
286.41	495
287.686	467
288.967	442
290.252	463
291.543	457
292.839	455
294.14	440
295.446	453
296.757	526
298.073	438
299.395	446
300.721	429
302.053	460
303.39	436
304.732	477
306.08	452
307.433	467
308.791	416
310.154	465
311.523	413
312.898	439
314.277	435
315.663	476
317.053	443
318.449	460
319.851	473
321.258	443
322.671	431
324.09	448
325.514	470
326.943	445
328.379	468
329.82	430
331.266	431
332.719	427
334.177	471
335.641	432
337.111	468
338.587	428
340.068	401
341.556	423
343.049	415
344.548	434
346.053	423
347.565	440
349.082	412
350.605	380
352.134	416
353.67	455
355.211	446
356.759	428
358.313	465
359.872	470
361.439	464
363.011	462
364.59	442
366.174	403
367.766	462
369.363	468
370.967	402
372.577	434
374.194	480
375.817	428
377.446	458
379.082	475
380.724	446
382.373	445
384.029	428
385.691	455
387.359	474
389.035	449
390.716	435
392.405	443
394.1	436
395.802	480
397.511	478
399.226	486
400.948	491
402.677	464
404.413	459
406.156	468
407.905	473
409.662	477
411.425	471
413.195	488
414.973	451
416.757	477
418.548	479
420.347	478
422.152	460
423.964	478
425.784	486
427.611	493
429.445	481
431.286	481
433.134	513
434.99	485
436.853	457
438.723	476
440.6	482
442.485	481
444.377	496
446.277	473
448.184	464
450.098	504
452.02	495
453.949	492
455.886	502
457.83	526
459.782	473
461.742	499
463.709	491
465.683	531
467.666	510
469.656	510
471.653	485
473.659	522
475.672	531
477.693	523
479.722	519
481.758	498
483.803	548
485.855	497
487.915	538
489.983	524
492.059	538
494.143	530
496.235	558
498.335	507
500.443	552
502.56	519
504.684	519
506.816	518
508.957	552
511.105	512
513.262	553
515.427	539
517.6	533
519.782	549
521.971	523
524.169	578
526.376	542
528.59	490
530.814	558
533.045	539
535.285	531
537.533	565
539.79	550
542.056	526
544.33	527
546.612	565
548.903	519
551.203	558
553.511	554
555.828	519
558.153	573
560.487	531
562.83	550
565.182	537
567.542	507
569.911	551
572.289	514
574.676	511
577.072	539
579.477	508
581.89	498
584.313	487
586.744	521
589.184	506
591.634	475
594.092	500
596.56	489
599.036	505
601.522	497
604.017	496
606.521	498
609.034	530
611.556	511
614.087	499
616.628	489
619.178	487
621.737	482
624.306	485
626.884	478
629.471	467
632.068	483
634.674	446
637.29	431
639.915	460
642.55	450
645.194	480
647.847	449
650.51	413
653.183	438
655.866	395
658.558	429
661.259	399
663.971	433
666.692	404
669.422	418
672.163	415
674.913	406
677.673	416
680.443	410
683.223	437
686.013	428
688.812	411
691.622	453
694.441	443
697.271	430
700.11	449
702.96	493
705.819	527
708.689	500
711.568	547
714.458	547
717.358	545
720.268	576
723.188	596
726.119	614
729.059	648
732.01	600
734.972	639
737.943	670
740.925	691
743.917	703
746.92	777
749.933	784
752.957	796
755.991	809
759.035	803
762.09	853
765.155	864
768.231	835
771.318	905
774.415	952
777.523	910
780.641	906
783.771	964
786.91	995
790.061	1003
793.222	949
796.394	974
799.577	999
802.771	981
805.975	1108
809.191	1006
812.417	986
815.654	1124
818.903	1014
822.162	1048
825.432	1072
828.713	1089
832.005	1099
835.308	1138
838.622	1187
841.948	1128
845.284	1158
848.632	1131
851.991	1158
855.361	1123
858.742	1136
862.135	1136
865.539	1078
868.954	1050
872.38	1054
875.818	1056
879.268	1090
882.728	1004
886.2	1006
889.684	975
893.179	946
896.685	922
900.203	902
903.732	824
907.274	763
910.826	744
914.391	651
917.966	637
921.554	583
925.153	558
928.764	505
932.387	458
936.022	407
939.668	363
943.326	283
946.996	296
950.678	277
954.371	259
958.077	189
961.794	188
965.524	154
969.265	150
973.019	134
976.784	102
980.562	100
984.351	92
988.153	59
991.967	59
995.793	53
999.631	53
1003.48	43
1007.34	36
1011.22	33
1015.11	26
1019.01	21
1022.92	16
1026.84	13
1030.78	16
1034.73	18
1038.69	22
1042.66	22
1046.65	23
1050.65	17
1054.66	18
1058.68	26
1062.72	21
1066.77	23
1070.83	22
1074.9	19
1078.99	16
1083.09	18
1087.2	22
1091.32	10
1095.46	8
1099.61	11
1103.78	14
1107.95	16
1112.14	14
1116.34	13
1120.56	11
1124.78	13
1129.02	5
1133.28	6
1137.54	6
1141.82	7
1146.12	8
1150.42	9
1154.74	8
1159.07	10
1163.42	11
1167.78	7
1172.15	10
1176.53	18
1180.93	15
1185.34	13
1189.76	15
1194.2	24
1198.65	20
1203.12	9
1207.59	17
1212.09	21
1216.59	15
1221.11	18
1225.64	11
1230.19	15
1234.74	12
1239.32	10
1243.9	9
1248.5	15
1253.11	7
1257.74	4
1262.38	4
1267.03	3
1271.7	4
1276.38	2
1281.08	3
1285.79	2
1290.51	2
1295.25	5
1300	5
1304.76	0
1309.54	5
1314.33	1
1319.14	0
1323.96	3
1328.79	2
1333.64	0
1338.5	1
1343.38	1
1348.27	0
1353.17	2
1358.09	1
1363.02	1
1367.97	0
1372.93	0
1377.91	1
1382.9	0
1387.9	2
1392.92	0
1397.95	2
1403	0
1408.06	0
1413.14	0
1418.23	1
1423.33	0
1428.45	1
1433.59	0
1438.74	0
1443.9	1
1449.08	2
1454.27	0
1459.48	2
1464.7	3
1469.93	0
1475.18	0
1480.45	1
1485.73	1
1491.03	0
1496.34	0
1501.66	0
1507	2
1512.36	1
1517.73	1
1523.11	0
1528.51	1
1533.92	0
1539.35	0
1544.8	1
1550.26	0
1555.73	1
1561.22	1
1566.73	1
1572.25	0
1577.78	0
1583.33	2
1588.9	0
1594.48	0
1600.07	0
1605.69	0
1611.31	0
1616.95	0
1622.61	0
1628.28	1
1633.97	0
1639.68	0
1645.39	0
1651.13	1
1656.88	1
1662.65	0
1668.43	1
1674.22	2
1680.04	0
1685.86	0
1691.71	2
1697.57	0
1703.44	1
1709.33	0
1715.24	0
1721.16	0
1727.1	0
1733.05	1
1739.02	0
1745.01	6
1751.01	17
1757.03	7
1763.06	7
1769.11	7
1775.18	10
1781.26	9
1787.35	6
1793.47	8
1799.6	5
1805.74	4
1811.91	7
1818.08	7
