-32.523	0
-31.4888	0
-30.4582	0
-29.4312	0
-28.4077	0
-27.3877	0
-26.3712	0
-25.3581	0
-24.3484	0
-23.3422	2
-22.3393	0
-21.3398	0
-20.3436	0
-19.3507	0
-18.3611	0
-17.3748	1
-16.3916	0
-15.4117	0
-14.435	0
-13.4615	0
-12.4911	0
-11.5238	0
-10.5595	0
-9.59839	0
-8.64028	0
-7.68519	0
-6.73309	0
-5.78395	0
-4.83776	0
-3.89449	0
-2.95411	0
-2.0166	0
-1.08194	0
-0.150103	1
0.778936	0
1.7052	0
2.62872	0
3.54951	0
4.46759	0
5.383	0
6.29576	1
7.20589	0
8.11341	0
9.01836	0
9.92074	0
10.8206	0
11.7179	1
12.6128	1
13.5052	0
14.3952	0
15.2827	0
16.1679	1
17.0507	0
17.9312	2
18.8093	0
19.6852	5
20.5588	3
21.4301	3
22.2993	6
23.1662	3
24.031	7
24.8936	14
25.7541	14
26.6125	14
27.4689	16
28.3232	19
29.1754	21
30.0257	18
30.874	34
31.7203	30
32.5647	42
33.4072	38
34.2479	37
35.0866	53
35.9236	47
36.7587	60
37.5921	77
38.4236	57
39.2535	95
40.0817	77
40.9081	88
41.7329	90
42.5561	86
43.3776	114
44.1976	93
45.016	101
45.8329	114
46.6482	102
47.462	112
48.2744	119
49.0854	124
49.8949	110
50.703	151
51.5098	124
52.3152	139
53.1192	131
53.922	149
54.7235	149
55.5238	149
56.3228	165
57.1206	155
57.9173	146
58.7128	155
59.5072	144
60.3004	160
61.0926	189
61.8837	186
62.6738	202
63.4629	208
64.251	211
65.0382	219
65.8244	224
66.6096	243
67.3941	234
68.1776	276
68.9603	239
69.7422	257
70.5233	249
71.3036	265
72.0832	261
72.8621	245
73.6402	247
74.4178	236
75.1946	252
75.9708	271
76.7465	235
77.5216	228
78.2961	221
79.0701	223
79.8436	207
80.6166	203
81.3892	223
82.1613	193
82.933	225
83.7044	208
84.4754	217
85.246	214
86.0164	208
86.7865	206
87.5563	223
88.3259	197
89.0953	206
89.8644	207
90.6335	202
91.4024	197
92.1711	203
92.9398	200
93.7084	192
94.477	213
95.2456	189
96.0142	180
96.7828	201
97.5514	225
98.3202	199
99.089	202
99.858	219
100.627	226
101.396	227
102.166	219
102.936	235
103.706	223
104.476	236
105.246	217
106.017	213
106.788	236
107.56	250
108.332	226
109.104	264
109.877	260
110.651	235
111.424	258
112.199	257
112.974	252
113.749	261
114.525	279
115.302	268
116.079	253
116.857	257
117.635	267
118.415	308
119.195	309
119.975	256
120.757	272
121.539	280
122.323	280
123.107	285
123.892	289
124.678	264
125.464	262
126.252	277
127.041	292
127.83	259
128.621	277
129.413	238
130.206	265
131	281
131.795	265
132.591	275
133.388	285
134.187	274
134.987	267
135.788	249
136.59	291
137.394	296
138.198	266
139.005	281
139.812	279
140.621	286
141.432	268
142.243	274
143.057	265
143.871	282
144.688	298
145.506	297
146.325	238
147.146	267
147.968	288
148.792	288
149.618	271
150.446	264
151.275	271
152.106	284
152.939	295
153.773	272
154.609	284
155.447	269
156.287	277
157.129	287
157.973	268
158.818	294
159.666	269
160.515	269
161.367	310
162.22	317
163.076	293
163.933	285
164.793	282
165.655	301
166.519	259
167.385	298
168.253	307
169.124	276
169.996	303
170.871	289
171.749	318
172.628	290
173.51	318
174.394	314
175.281	303
176.17	339
177.062	312
177.955	333
178.852	316
179.751	332
180.652	328
181.556	308
182.463	317
183.372	282
184.283	325
185.198	308
186.115	327
187.035	314
187.957	319
188.882	309
189.81	303
190.741	291
191.674	318
192.611	289
193.55	316
194.492	292
195.437	291
196.385	281
197.336	265
198.29	290
199.247	329
200.207	281
201.17	269
202.136	287
203.105	297
204.078	276
205.053	300
206.032	258
207.014	261
207.999	258
208.987	251
209.979	283
210.974	269
211.972	272
212.974	277
213.979	255
214.987	240
215.999	244
217.014	230
218.032	251
219.055	267
220.08	261
221.109	239
222.142	226
223.179	233
224.219	221
225.262	252
226.309	260
227.36	226
228.415	249
229.473	236
230.536	239
231.601	222
232.671	215
233.745	234
234.822	244
235.903	248
236.989	222
238.078	217
239.171	237
240.268	241
241.369	228
242.474	214
243.583	226
244.696	189
245.813	216
246.935	242
248.06	230
249.19	200
250.324	210
251.462	193
252.604	195
253.751	220
254.902	202
256.057	207
257.217	190
258.381	197
259.549	230
260.722	201
261.899	209
263.08	197
264.266	185
265.457	229
266.652	190
267.852	208
269.056	199
270.265	216
271.478	193
272.697	192
273.919	203
275.147	203
276.379	196
277.616	204
278.858	167
280.104	187
281.356	212
282.612	189
283.873	221
285.139	190
286.41	210
287.686	193
288.967	189
290.252	178
291.543	191
292.839	185
294.14	206
295.446	185
296.757	199
298.073	202
299.395	171
300.721	173
302.053	181
303.39	194
304.732	178
306.08	200
307.433	187
308.791	193
310.154	207
311.523	174
312.898	168
314.277	201
315.663	186
317.053	175
318.449	181
319.851	209
321.258	180
322.671	181
324.09	198
325.514	209
326.943	174
328.379	204
329.82	192
331.266	193
332.719	175
334.177	185
335.641	188
337.111	197
338.587	169
340.068	181
341.556	176
343.049	178
344.548	183
346.053	197
347.565	172
349.082	187
350.605	187
352.134	196
353.67	189
355.211	196
356.759	195
358.313	177
359.872	177
361.439	159
363.011	198
364.59	176
366.174	184
367.766	192
369.363	187
370.967	204
372.577	199
374.194	208
375.817	196
377.446	193
379.082	192
380.724	192
382.373	199
384.029	224
385.691	200
387.359	203
389.035	195
390.716	159
392.405	196
394.1	187
395.802	170
397.511	211
399.226	218
400.948	182
402.677	217
404.413	185
406.156	205
407.905	185
409.662	202
411.425	224
413.195	210
414.973	223
416.757	220
418.548	209
420.347	203
422.152	206
423.964	195
425.784	225
427.611	222
429.445	203
431.286	200
433.134	204
434.99	222
436.853	226
438.723	226
440.6	227
442.485	209
444.377	215
446.277	216
448.184	218
450.098	235
452.02	232
453.949	208
455.886	244
457.83	220
459.782	213
461.742	229
463.709	218
465.683	208
467.666	226
469.656	239
471.653	221
473.659	225
475.672	203
477.693	224
479.722	213
481.758	217
483.803	226
485.855	219
487.915	236
489.983	220
492.059	222
494.143	224
496.235	228
498.335	220
500.443	214
502.56	241
504.684	242
506.816	212
508.957	182
511.105	217
513.262	205
515.427	226
517.6	216
519.782	250
521.971	198
524.169	227
526.376	214
528.59	213
530.814	221
533.045	202
535.285	208
537.533	209
539.79	199
542.056	190
544.33	217
546.612	198
548.903	218
551.203	209
553.511	214
555.828	180
558.153	188
560.487	199
562.83	186
565.182	199
567.542	185
569.911	182
572.289	182
574.676	194
577.072	174
579.477	176
581.89	145
584.313	164
586.744	152
589.184	186
591.634	191
594.092	172
596.56	188
599.036	154
601.522	160
604.017	182
606.521	162
609.034	156
611.556	160
614.087	144
616.628	169
619.178	167
621.737	180
624.306	161
626.884	182
629.471	138
632.068	159
634.674	179
637.29	191
639.915	154
642.55	186
645.194	168
647.847	208
650.51	199
653.183	207
655.866	243
658.558	210
661.259	213
663.971	232
666.692	253
669.422	223
672.163	257
674.913	258
677.673	263
680.443	308
683.223	295
686.013	328
688.812	319
691.622	328
694.441	353
697.271	341
700.11	358
702.96	379
705.819	430
708.689	392
711.568	433
714.458	460
717.358	453
720.268	512
723.188	464
726.119	471
729.059	495
732.01	465
734.972	503
737.943	492
740.925	533
743.917	542
746.92	567
749.933	568
752.957	552
755.991	528
759.035	535
762.09	538
765.155	543
768.231	538
771.318	538
774.415	538
777.523	537
780.641	551
783.771	507
786.91	561
790.061	531
793.222	559
796.394	458
799.577	467
802.771	500
805.975	482
809.191	514
812.417	471
815.654	453
818.903	453
822.162	447
825.432	417
828.713	393
832.005	403
835.308	371
838.622	352
841.948	376
845.284	377
848.632	355
851.991	300
855.361	341
858.742	306
862.135	317
865.539	289
868.954	241
872.38	227
875.818	242
879.268	201
882.728	182
886.2	149
889.684	185
893.179	149
896.685	148
900.203	134
903.732	118
907.274	106
910.826	112
914.391	80
917.966	61
921.554	61
925.153	62
928.764	57
932.387	50
936.022	44
939.668	41
943.326	37
946.996	37
950.678	28
954.371	20
958.077	27
961.794	20
965.524	7
969.265	17
973.019	13
976.784	8
980.562	9
984.351	8
988.153	9
991.967	9
995.793	6
999.631	11
1003.48	11
1007.34	4
1011.22	8
1015.11	5
1019.01	8
1022.92	4
1026.84	7
1030.78	7
1034.73	7
1038.69	4
1042.66	6
1046.65	5
1050.65	7
1054.66	8
1058.68	4
1062.72	4
1066.77	11
1070.83	8
1074.9	7
1078.99	3
1083.09	10
1087.2	4
1091.32	6
1095.46	7
1099.61	7
1103.78	7
1107.95	5
1112.14	7
1116.34	6
1120.56	4
1124.78	6
1129.02	4
1133.28	3
1137.54	6
1141.82	1
1146.12	2
1150.42	4
1154.74	3
1159.07	1
1163.42	3
1167.78	2
1172.15	1
1176.53	5
1180.93	2
1185.34	2
1189.76	2
1194.2	2
1198.65	3
1203.12	4
1207.59	3
1212.09	5
1216.59	10
1221.11	4
1225.64	4
1230.19	5
1234.74	5
1239.32	7
1243.9	7
1248.5	4
1253.11	2
1257.74	5
1262.38	5
1267.03	3
1271.7	2
1276.38	3
1281.08	2
1285.79	2
1290.51	2
1295.25	3
1300	1
1304.76	0
1309.54	1
1314.33	1
1319.14	1
1323.96	0
1328.79	0
1333.64	2
1338.5	0
1343.38	1
1348.27	1
1353.17	0
1358.09	1
1363.02	1
1367.97	2
1372.93	0
1377.91	0
1382.9	0
1387.9	1
1392.92	0
1397.95	1
1403	1
1408.06	0
1413.14	1
1418.23	0
1423.33	0
1428.45	0
1433.59	2
1438.74	0
1443.9	1
1449.08	0
1454.27	0
1459.48	0
1464.7	0
1469.93	0
1475.18	0
1480.45	0
1485.73	0
1491.03	0
1496.34	0
1501.66	0
1507	0
1512.36	0
1517.73	0
1523.11	1
1528.51	0
1533.92	1
1539.35	1
1544.8	0
1550.26	0
1555.73	0
1561.22	0
1566.73	2
1572.25	0
1577.78	1
1583.33	0
1588.9	0
1594.48	0
1600.07	1
1605.69	0
1611.31	0
1616.95	1
1622.61	0
1628.28	0
1633.97	0
1639.68	0
1645.39	0
1651.13	0
1656.88	0
1662.65	0
1668.43	1
1674.22	0
1680.04	1
1685.86	0
1691.71	0
1697.57	0
1703.44	0
1709.33	0
1715.24	0
1721.16	0
1727.1	0
1733.05	0
1739.02	0
1745.01	2
1751.01	3
1757.03	4
1763.06	2
1769.11	4
1775.18	2
1781.26	9
1787.35	1
1793.47	1
1799.6	1
1805.74	1
1811.91	2
1818.08	5
