-32.523	0
-31.4888	0
-30.4582	0
-29.4312	0
-28.4077	1
-27.3877	0
-26.3712	0
-25.3581	0
-24.3484	0
-23.3422	2
-22.3393	0
-21.3398	0
-20.3436	0
-19.3507	0
-18.3611	0
-17.3748	0
-16.3916	0
-15.4117	0
-14.435	0
-13.4615	0
-12.4911	0
-11.5238	1
-10.5595	0
-9.59839	0
-8.64028	0
-7.68519	0
-6.73309	0
-5.78395	0
-4.83776	0
-3.89449	0
-2.95411	0
-2.0166	0
-1.08194	0
-0.150103	0
0.778936	0
1.7052	0
2.62872	1
3.54951	1
4.46759	0
5.383	0
6.29576	0
7.20589	0
8.11341	0
9.01836	0
9.92074	0
10.8206	0
11.7179	1
12.6128	0
13.5052	0
14.3952	2
15.2827	0
16.1679	1
17.0507	1
17.9312	1
18.8093	0
19.6852	1
20.5588	2
21.4301	3
22.2993	0
23.1662	1
24.031	2
24.8936	6
25.7541	4
26.6125	8
27.4689	7
28.3232	7
29.1754	10
30.0257	8
30.874	15
31.7203	18
32.5647	18
33.4072	21
34.2479	16
35.0866	24
35.9236	23
36.7587	36
37.5921	33
38.4236	28
39.2535	32
40.0817	37
40.9081	44
41.7329	41
42.5561	51
43.3776	44
44.1976	65
45.016	59
45.8329	61
46.6482	60
47.462	74
48.2744	77
49.0854	73
49.8949	68
50.703	71
51.5098	70
52.3152	71
53.1192	71
53.922	73
54.7235	73
55.5238	88
56.3228	82
57.1206	79
57.9173	63
58.7128	77
59.5072	89
60.3004	89
61.0926	91
61.8837	85
62.6738	83
63.4629	122
64.251	91
65.0382	131
65.8244	104
66.6096	136
67.3941	133
68.1776	148
68.9603	176
69.7422	173
70.5233	169
71.3036	164
72.0832	181
72.8621	170
73.6402	177
74.4178	157
75.1946	190
75.9708	146
76.7465	158
77.5216	142
78.2961	151
79.0701	135
79.8436	138
80.6166	147
81.3892	117
82.1613	119
82.933	149
83.7044	125
84.4754	141
85.246	133
86.0164	145
86.7865	136
87.5563	121
88.3259	123
89.0953	99
89.8644	129
90.6335	105
91.4024	109
92.1711	110
92.9398	103
93.7084	109
94.477	106
95.2456	113
96.0142	115
96.7828	122
97.5514	112
98.3202	120
99.089	110
99.858	116
100.627	126
101.396	122
102.166	108
102.936	124
103.706	118
104.476	120
105.246	129
106.017	123
106.788	115
107.56	134
108.332	144
109.104	141
109.877	155
110.651	126
111.424	140
112.199	137
112.974	162
113.749	182
114.525	169
115.302	160
116.079	143
116.857	164
117.635	185
118.415	143
119.195	150
119.975	169
120.757	167
121.539	165
122.323	164
123.107	160
123.892	151
124.678	174
125.464	155
126.252	169
127.041	185
127.83	152
128.621	165
129.413	187
130.206	169
131	165
131.795	168
132.591	155
133.388	172
134.187	172
134.987	168
135.788	160
136.59	163
137.394	151
138.198	167
139.005	164
139.812	165
140.621	172
141.432	148
142.243	172
143.057	178
143.871	185
144.688	153
145.506	144
146.325	160
147.146	168
147.968	173
148.792	160
149.618	157
150.446	185
151.275	154
152.106	160
152.939	157
153.773	143
154.609	175
155.447	171
156.287	147
157.129	164
157.973	175
158.818	162
159.666	177
160.515	172
161.367	163
162.22	148
163.076	151
163.933	163
164.793	150
165.655	165
166.519	164
167.385	155
168.253	168
169.124	162
169.996	146
170.871	157
171.749	165
172.628	178
173.51	150
174.394	176
175.281	172
176.17	158
177.062	159
177.955	156
178.852	142
179.751	149
180.652	157
181.556	140
182.463	162
183.372	162
184.283	182
185.198	157
186.115	164
187.035	141
187.957	162
188.882	172
189.81	162
190.741	157
191.674	149
192.611	150
193.55	151
194.492	141
195.437	174
196.385	159
197.336	161
198.29	139
199.247	129
200.207	143
201.17	165
202.136	129
203.105	144
204.078	149
205.053	119
206.032	140
207.014	137
207.999	129
208.987	128
209.979	122
210.974	120
211.972	126
212.974	128
213.979	116
214.987	116
215.999	141
217.014	133
218.032	118
219.055	114
220.08	131
221.109	113
222.142	103
223.179	103
224.219	102
225.262	118
226.309	96
227.36	101
228.415	89
229.473	117
230.536	98
231.601	97
232.671	121
233.745	88
234.822	95
235.903	94
236.989	90
238.078	105
239.171	99
240.268	88
241.369	122
242.474	78
243.583	85
244.696	95
245.813	95
246.935	82
248.06	90
249.19	82
250.324	105
251.462	71
252.604	74
253.751	70
254.902	77
256.057	87
257.217	101
258.381	90
259.549	78
260.722	93
261.899	84
263.08	81
264.266	78
265.457	80
266.652	86
267.852	67
269.056	83
270.265	64
271.478	60
272.697	79
273.919	80
275.147	81
276.379	81
277.616	70
278.858	69
280.104	63
281.356	73
282.612	67
283.873	79
285.139	60
286.41	64
287.686	66
288.967	55
290.252	86
291.543	54
292.839	57
294.14	65
295.446	67
296.757	87
298.073	63
299.395	63
300.721	67
302.053	59
303.39	53
304.732	78
306.08	70
307.433	82
308.791	84
310.154	59
311.523	51
312.898	66
314.277	69
315.663	47
317.053	59
318.449	61
319.851	64
321.258	55
322.671	57
324.09	81
325.514	62
326.943	53
328.379	43
329.82	67
331.266	55
332.719	64
334.177	58
335.641	45
337.111	64
338.587	76
340.068	55
341.556	67
343.049	61
344.548	55
346.053	58
347.565	59
349.082	57
350.605	68
352.134	40
353.67	64
355.211	63
356.759	58
358.313	60
359.872	66
361.439	51
363.011	57
364.59	71
366.174	67
367.766	48
369.363	49
370.967	59
372.577	49
374.194	73
375.817	64
377.446	57
379.082	55
380.724	66
382.373	50
384.029	56
385.691	59
387.359	68
389.035	58
390.716	61
392.405	56
394.1	77
395.802	63
397.511	65
399.226	63
400.948	67
402.677	56
404.413	59
406.156	66
407.905	56
409.662	62
411.425	59
413.195	70
414.973	54
416.757	68
418.548	54
420.347	57
422.152	70
423.964	40
425.784	59
427.611	61
429.445	68
431.286	53
433.134	59
434.99	59
436.853	66
438.723	59
440.6	52
442.485	58
444.377	57
446.277	55
448.184	49
450.098	61
452.02	64
453.949	44
455.886	60
457.83	60
459.782	62
461.742	63
463.709	58
465.683	73
467.666	53
469.656	57
471.653	60
473.659	75
475.672	67
477.693	55
479.722	57
481.758	65
483.803	62
485.855	63
487.915	68
489.983	49
492.059	59
494.143	68
496.235	62
498.335	65
500.443	61
502.56	46
504.684	63
506.816	68
508.957	65
511.105	67
513.262	61
515.427	73
517.6	62
519.782	66
521.971	73
524.169	63
526.376	65
528.59	68
530.814	57
533.045	78
535.285	65
537.533	63
539.79	69
542.056	56
544.33	48
546.612	56
548.903	65
551.203	57
553.511	60
555.828	59
558.153	56
560.487	72
562.83	60
565.182	58
567.542	60
569.911	65
572.289	76
574.676	79
577.072	74
579.477	55
581.89	65
584.313	69
586.744	70
589.184	65
591.634	78
594.092	73
596.56	73
599.036	84
601.522	75
604.017	62
606.521	61
609.034	84
611.556	73
614.087	55
616.628	74
619.178	66
621.737	76
624.306	80
626.884	77
629.471	72
632.068	59
634.674	71
637.29	82
639.915	61
642.55	67
645.194	86
647.847	71
650.51	61
653.183	69
655.866	70
658.558	78
661.259	66
663.971	67
666.692	79
669.422	64
672.163	79
674.913	60
677.673	62
680.443	70
683.223	68
686.013	65
688.812	70
691.622	58
694.441	67
697.271	57
700.11	59
702.96	66
705.819	58
708.689	58
711.568	53
714.458	56
717.358	56
720.268	65
723.188	54
726.119	55
729.059	57
732.01	46
734.972	49
737.943	50
740.925	50
743.917	48
746.92	55
749.933	45
752.957	39
755.991	54
759.035	49
762.09	46
765.155	65
768.231	46
771.318	57
774.415	58
777.523	65
780.641	52
783.771	63
786.91	69
790.061	64
793.222	57
796.394	75
799.577	68
802.771	56
805.975	65
809.191	62
812.417	85
815.654	73
818.903	62
822.162	79
825.432	79
828.713	71
832.005	62
835.308	66
838.622	71
841.948	78
845.284	69
848.632	85
851.991	98
855.361	91
858.742	76
862.135	101
865.539	103
868.954	98
872.38	76
875.818	93
879.268	120
882.728	105
886.2	98
889.684	135
893.179	117
896.685	124
900.203	139
903.732	118
907.274	147
910.826	139
914.391	147
917.966	122
921.554	152
925.153	143
928.764	151
932.387	149
936.022	167
939.668	159
943.326	158
946.996	164
950.678	152
954.371	145
958.077	140
961.794	138
965.524	136
969.265	131
973.019	107
976.784	101
980.562	108
984.351	110
988.153	90
991.967	84
995.793	74
999.631	72
1003.48	55
1007.34	63
1011.22	63
1015.11	54
1019.01	39
1022.92	39
1026.84	32
1030.78	27
1034.73	28
1038.69	20
1042.66	20
1046.65	19
1050.65	16
1054.66	14
1058.68	9
1062.72	14
1066.77	5
1070.83	8
1074.9	7
1078.99	9
1083.09	9
1087.2	4
1091.32	4
1095.46	5
1099.61	8
1103.78	7
1107.95	12
1112.14	5
1116.34	11
1120.56	11
1124.78	9
1129.02	5
1133.28	4
1137.54	9
1141.82	6
1146.12	9
1150.42	5
1154.74	3
1159.07	6
1163.42	3
1167.78	4
1172.15	6
1176.53	4
1180.93	2
1185.34	1
1189.76	5
1194.2	4
1198.65	3
1203.12	7
1207.59	2
1212.09	5
1216.59	2
1221.11	11
1225.64	4
1230.19	2
1234.74	6
1239.32	6
1243.9	11
1248.5	3
1253.11	8
1257.74	5
1262.38	5
1267.03	7
1271.7	4
1276.38	4
1281.08	5
1285.79	3
1290.51	4
1295.25	4
1300	1
1304.76	1
1309.54	3
1314.33	1
1319.14	1
1323.96	2
1328.79	2
1333.64	0
1338.5	0
1343.38	2
1348.27	1
1353.17	0
1358.09	0
1363.02	0
1367.97	1
1372.93	0
1377.91	1
1382.9	1
1387.9	0
1392.92	0
1397.95	0
1403	0
1408.06	0
1413.14	0
1418.23	0
1423.33	0
1428.45	0
1433.59	0
1438.74	1
1443.9	0
1449.08	2
1454.27	0
1459.48	0
1464.7	0
1469.93	0
1475.18	1
1480.45	0
1485.73	0
1491.03	0
1496.34	0
1501.66	0
1507	0
1512.36	0
1517.73	0
1523.11	0
1528.51	0
1533.92	0
1539.35	0
1544.8	0
1550.26	0
1555.73	0
1561.22	0
1566.73	0
1572.25	0
1577.78	0
1583.33	1
1588.9	1
1594.48	0
1600.07	0
1605.69	0
1611.31	0
1616.95	0
1622.61	0
1628.28	0
1633.97	0
1639.68	0
1645.39	0
1651.13	0
1656.88	0
1662.65	0
1668.43	0
1674.22	0
1680.04	1
1685.86	0
1691.71	0
1697.57	0
1703.44	0
1709.33	0
1715.24	0
1721.16	0
1727.1	0
1733.05	0
1739.02	0
1745.01	1
1751.01	5
1757.03	4
1763.06	2
1769.11	1
1775.18	4
1781.26	4
1787.35	1
1793.47	3
1799.6	1
1805.74	2
1811.91	2
1818.08	1
