-32.523	0
-31.4888	0
-30.4582	0
-29.4312	0
-28.4077	0
-27.3877	0
-26.3712	0
-25.3581	0
-24.3484	1
-23.3422	0
-22.3393	0
-21.3398	0
-20.3436	0
-19.3507	0
-18.3611	0
-17.3748	0
-16.3916	0
-15.4117	0
-14.435	0
-13.4615	0
-12.4911	0
-11.5238	0
-10.5595	0
-9.59839	0
-8.64028	0
-7.68519	0
-6.73309	0
-5.78395	0
-4.83776	0
-3.89449	0
-2.95411	0
-2.0166	0
-1.08194	0
-0.150103	0
0.778936	0
1.7052	0
2.62872	0
3.54951	0
4.46759	0
5.383	0
6.29576	0
7.20589	0
8.11341	1
9.01836	1
9.92074	0
10.8206	0
11.7179	0
12.6128	2
13.5052	0
14.3952	0
15.2827	0
16.1679	0
17.0507	0
17.9312	2
18.8093	0
19.6852	1
20.5588	1
21.4301	5
22.2993	4
23.1662	7
24.031	2
24.8936	4
25.7541	3
26.6125	5
27.4689	7
28.3232	8
29.1754	14
30.0257	18
30.874	19
31.7203	16
32.5647	20
33.4072	21
34.2479	27
35.0866	25
35.9236	25
36.7587	27
37.5921	32
38.4236	43
39.2535	41
40.0817	60
40.9081	46
41.7329	67
42.5561	55
43.3776	54
44.1976	45
45.016	54
45.8329	55
46.6482	59
47.462	69
48.2744	75
49.0854	65
49.8949	58
50.703	95
51.5098	88
52.3152	87
53.1192	85
53.922	89
54.7235	99
55.5238	85
56.3228	79
57.1206	86
57.9173	91
58.7128	101
59.5072	92
60.3004	89
61.0926	114
61.8837	85
62.6738	106
63.4629	130
64.251	118
65.0382	136
65.8244	157
66.6096	127
67.3941	143
68.1776	161
68.9603	164
69.7422	166
70.5233	186
71.3036	189
72.0832	203
72.8621	203
73.6402	186
74.4178	165
75.1946	174
75.9708	171
76.7465	173
77.5216	175
78.2961	192
79.0701	157
79.8436	147
80.6166	150
81.3892	143
82.1613	142
82.933	157
83.7044	139
84.4754	146
85.246	154
86.0164	131
86.7865	144
87.5563	144
88.3259	148
89.0953	137
89.8644	151
90.6335	123
91.4024	139
92.1711	122
92.9398	127
93.7084	120
94.477	142
95.2456	140
96.0142	143
96.7828	124
97.5514	128
98.3202	116
99.089	121
99.858	156
100.627	121
101.396	145
102.166	116
102.936	119
103.706	140
104.476	127
105.246	131
106.017	128
106.788	141
107.56	140
108.332	112
109.104	158
109.877	138
110.651	141
111.424	146
112.199	134
112.974	143
113.749	154
114.525	164
115.302	161
116.079	160
116.857	150
117.635	157
118.415	154
119.195	166
119.975	147
120.757	192
121.539	164
122.323	163
123.107	177
123.892	168
124.678	171
125.464	155
126.252	189
127.041	187
127.83	182
128.621	208
129.413	170
130.206	204
131	169
131.795	187
132.591	179
133.388	185
134.187	203
134.987	192
135.788	192
136.59	197
137.394	229
138.198	204
139.005	183
139.812	186
140.621	194
141.432	221
142.243	203
143.057	189
143.871	175
144.688	207
145.506	187
146.325	194
147.146	236
147.968	198
148.792	184
149.618	193
150.446	216
151.275	187
152.106	210
152.939	206
153.773	211
154.609	200
155.447	191
156.287	199
157.129	202
157.973	211
158.818	197
159.666	217
160.515	222
161.367	212
162.22	223
163.076	224
163.933	196
164.793	221
165.655	212
166.519	232
167.385	197
168.253	216
169.124	204
169.996	202
170.871	224
171.749	194
172.628	214
173.51	201
174.394	185
175.281	153
176.17	196
177.062	207
177.955	208
178.852	190
179.751	205
180.652	205
181.556	172
182.463	189
183.372	170
184.283	198
185.198	197
186.115	183
187.035	196
187.957	177
188.882	191
189.81	175
190.741	166
191.674	179
192.611	182
193.55	176
194.492	190
195.437	160
196.385	176
197.336	171
198.29	176
199.247	155
200.207	174
201.17	166
202.136	190
203.105	150
204.078	158
205.053	137
206.032	149
207.014	154
207.999	157
208.987	143
209.979	157
210.974	163
211.972	155
212.974	165
213.979	125
214.987	157
215.999	157
217.014	155
218.032	166
219.055	158
220.08	150
221.109	145
222.142	128
223.179	156
224.219	139
225.262	151
226.309	147
227.36	137
228.415	155
229.473	145
230.536	142
231.601	131
232.671	122
233.745	138
234.822	126
235.903	128
236.989	143
238.078	122
239.171	133
240.268	146
241.369	138
242.474	136
243.583	120
244.696	129
245.813	124
246.935	140
248.06	131
249.19	110
250.324	125
251.462	141
252.604	120
253.751	123
254.902	131
256.057	117
257.217	140
258.381	126
259.549	139
260.722	141
261.899	129
263.08	124
264.266	145
265.457	130
266.652	132
267.852	126
269.056	126
270.265	127
271.478	128
272.697	146
273.919	114
275.147	125
276.379	133
277.616	120
278.858	138
280.104	114
281.356	122
282.612	124
283.873	123
285.139	125
286.41	132
287.686	125
288.967	116
290.252	111
291.543	113
292.839	119
294.14	133
295.446	131
296.757	114
298.073	112
299.395	113
300.721	114
302.053	111
303.39	87
304.732	111
306.08	123
307.433	124
308.791	105
310.154	119
311.523	104
312.898	102
314.277	105
315.663	106
317.053	122
318.449	107
319.851	126
321.258	101
322.671	113
324.09	103
325.514	109
326.943	91
328.379	87
329.82	80
331.266	102
332.719	104
334.177	107
335.641	93
337.111	93
338.587	80
340.068	92
341.556	100
343.049	86
344.548	86
346.053	112
347.565	82
349.082	72
350.605	101
352.134	85
353.67	76
355.211	100
356.759	76
358.313	83
359.872	97
361.439	80
363.011	79
364.59	79
366.174	85
367.766	98
369.363	93
370.967	78
372.577	94
374.194	80
375.817	78
377.446	81
379.082	80
380.724	74
382.373	91
384.029	83
385.691	90
387.359	61
389.035	85
390.716	72
392.405	82
394.1	117
395.802	99
397.511	89
399.226	68
400.948	80
402.677	96
404.413	84
406.156	90
407.905	99
409.662	93
411.425	104
413.195	122
414.973	117
416.757	119
418.548	118
420.347	125
422.152	116
423.964	141
425.784	148
427.611	137
429.445	138
431.286	162
433.134	153
434.99	176
436.853	185
438.723	201
440.6	191
442.485	218
444.377	220
446.277	249
448.184	229
450.098	221
452.02	252
453.949	278
455.886	275
457.83	332
459.782	286
461.742	311
463.709	308
465.683	349
467.666	359
469.656	375
471.653	382
473.659	373
475.672	403
477.693	451
479.722	439
481.758	408
483.803	420
485.855	450
487.915	468
489.983	480
492.059	439
494.143	480
496.235	461
498.335	477
500.443	479
502.56	498
504.684	449
506.816	459
508.957	450
511.105	436
513.262	490
515.427	448
517.6	434
519.782	462
521.971	422
524.169	405
526.376	420
528.59	364
530.814	330
533.045	379
535.285	336
537.533	322
539.79	332
542.056	307
544.33	305
546.612	271
548.903	248
551.203	235
553.511	262
555.828	251
558.153	210
560.487	204
562.83	191
565.182	178
567.542	164
569.911	148
572.289	141
574.676	140
577.072	146
579.477	135
581.89	123
584.313	104
586.744	81
589.184	92
591.634	85
594.092	93
596.56	79
599.036	72
601.522	72
604.017	59
606.521	79
609.034	60
611.556	53
614.087	42
616.628	45
619.178	42
621.737	48
624.306	37
626.884	47
629.471	48
632.068	42
634.674	34
637.29	33
639.915	32
642.55	30
645.194	36
647.847	26
650.51	20
653.183	24
655.866	23
658.558	28
661.259	24
663.971	37
666.692	23
669.422	22
672.163	21
674.913	24
677.673	27
680.443	20
683.223	15
686.013	17
688.812	14
691.622	11
694.441	23
697.271	13
700.11	23
702.96	21
705.819	16
708.689	12
711.568	12
714.458	11
717.358	7
720.268	11
723.188	6
726.119	10
729.059	7
732.01	7
734.972	16
737.943	9
740.925	9
743.917	7
746.92	3
749.933	7
752.957	8
755.991	6
759.035	8
762.09	10
765.155	4
768.231	7
771.318	7
774.415	2
777.523	4
780.641	6
783.771	6
786.91	3
790.061	4
793.222	3
796.394	9
799.577	7
802.771	3
805.975	4
809.191	6
812.417	3
815.654	3
818.903	6
822.162	6
825.432	3
828.713	6
832.005	6
835.308	10
838.622	6
841.948	3
845.284	2
848.632	9
851.991	3
855.361	10
858.742	8
862.135	5
865.539	5
868.954	6
872.38	6
875.818	1
879.268	5
882.728	8
886.2	6
889.684	5
893.179	7
896.685	8
900.203	6
903.732	5
907.274	8
910.826	5
914.391	5
917.966	8
921.554	1
925.153	9
928.764	2
932.387	2
936.022	5
939.668	4
943.326	4
946.996	6
950.678	4
954.371	7
958.077	3
961.794	4
965.524	4
969.265	1
973.019	5
976.784	5
980.562	4
984.351	4
988.153	5
991.967	3
995.793	4
999.631	3
1003.48	7
1007.34	3
1011.22	7
1015.11	1
1019.01	3
1022.92	4
1026.84	4
1030.78	3
1034.73	4
1038.69	2
1042.66	4
1046.65	2
1050.65	2
1054.66	7
1058.68	3
1062.72	3
1066.77	1
1070.83	0
1074.9	4
1078.99	4
1083.09	3
1087.2	2
1091.32	4
1095.46	3
1099.61	5
1103.78	4
1107.95	8
1112.14	7
1116.34	6
1120.56	3
1124.78	5
1129.02	6
1133.28	6
1137.54	7
1141.82	3
1146.12	11
1150.42	8
1154.74	7
1159.07	6
1163.42	8
1167.78	3
1172.15	5
1176.53	6
1180.93	3
1185.34	1
1189.76	4
1194.2	0
1198.65	0
1203.12	2
1207.59	2
1212.09	4
1216.59	1
1221.11	2
1225.64	6
1230.19	4
1234.74	3
1239.32	4
1243.9	6
1248.5	1
1253.11	3
1257.74	6
1262.38	5
1267.03	4
1271.7	6
1276.38	7
1281.08	0
1285.79	9
1290.51	3
1295.25	6
1300	5
1304.76	4
1309.54	4
1314.33	1
1319.14	4
1323.96	1
1328.79	0
1333.64	0
1338.5	1
1343.38	0
1348.27	0
1353.17	1
1358.09	0
1363.02	0
1367.97	0
1372.93	1
1377.91	1
1382.9	3
1387.9	0
1392.92	3
1397.95	0
1403	1
1408.06	1
1413.14	0
1418.23	0
1423.33	0
1428.45	0
1433.59	0
1438.74	0
1443.9	0
1449.08	0
1454.27	0
1459.48	0
1464.7	0
1469.93	0
1475.18	0
1480.45	0
1485.73	0
1491.03	0
1496.34	0
1501.66	0
1507	0
1512.36	0
1517.73	0
1523.11	0
1528.51	0
1533.92	0
1539.35	0
1544.8	0
1550.26	0
1555.73	1
1561.22	0
1566.73	0
1572.25	0
1577.78	0
1583.33	0
1588.9	0
1594.48	0
1600.07	0
1605.69	0
1611.31	0
1616.95	0
1622.61	0
1628.28	0
1633.97	0
1639.68	0
1645.39	2
1651.13	0
1656.88	0
1662.65	0
1668.43	1
1674.22	0
1680.04	0
1685.86	0
1691.71	0
1697.57	0
1703.44	0
1709.33	0
1715.24	0
1721.16	0
1727.1	1
1733.05	0
1739.02	0
1745.01	0
1751.01	0
1757.03	2
1763.06	4
1769.11	4
1775.18	4
1781.26	1
1787.35	1
1793.47	1
1799.6	3
1805.74	5
1811.91	0
1818.08	1
