0
0
0
0
0
0
0
0
0
0
0
0
0
0
0
0
0
0
0
0
1
0
0
0
1
0
0
0
1
0
0
0
0
0
0
0
0
0
0
0
0
0
0
0
0
0
0
0
0
0
0
0
0
0
0
0
0
0
0
0
0
0
0
0
0
0
0
0
0
0
0
1
0
0
0
0
0
0
0
0
0
0
0
1
1
0
2
0
0
1
0
1
0
0
0
1
0
0
1
3
0
0
0
0
0
0
0
0
0
0
0
0
0
0
0
1
0
0
0
0
0
0
0
0
0
1
0
0
1
0
0
1
1
0
1
2
0
0
0
0
0
0
1
0
0
0
1
0
0
0
0
1
0
1
1
0
0
0
0
1
0
0
1
0
0
0
1
0
0
0
0
0
0
0
1
0
0
0
0
0
0
1
0
0
0
0
0
0
0
0
0
0
0
0
0
0
0
0
0
0
0
0
0
0
0
0
0
0
0
1
0
0
0
1
0
0
0
1
0
0
0
0
0
0
1
0
0
0
0
0
0
0
0
0
0
0
0
0
0
0
0
0
0
0
0
0
0
0
0
0
0
0
0
0
0
0
0
0
0
0
0
0
1
0
1
0
0
0
0
0
0
0
0
0
0
0
1
0
0
0
0
0
0
0
0
1
0
0
0
0
0
0
0
0
0
2
0
0
0
1
0
0
0
0
0
0
0
0
0
0
0
0
0
0
0
1
0
0
0
0
0
0
0
0
0
0
0
0
1
0
1
0
0
0
0
0
0
0
0
0
0
1
0
0
0
0
0
0
1
0
0
0
0
0
1
0
1
0
0
0
0
0
0
0
0
1
0
0
0
2
0
0
0
0
0
0
0
0
0
0
0
0
0
1
0
0
1
1
0
0
0
0
0
0
0
0
0
0
1
0
0
0
1
0
0
0
0
0
0
0
0
0
0
0
1
0
0
0
0
0
0
0
0
1
0
0
0
0
0
0
0
0
1
0
0
1
0
0
0
0
0
0
0
1
0
0
0
0
0
0
0
0
0
0
0
0
1
0
0
1
0
0
0
0
0
0
0
0
1
1
0
0
2
0
0
0
0
1
0
0
0
1
0
0
0
0
2
1
1
0
0
1
1
1
0
1
1
3
2
3
0
0
1
0
1
0
0
0
0
0
2
3
1
2
0
1
2
5
0
0
0
0
2
1
3
1
1
1
1
2
1
0
2
3
3
1
2
0
0
0
4
1
1
3
1
3
2
2
1
2
1
3
1
4
3
3
3
2
3
0
3
2
1
5
3
0
2
3
6
2
3
3
2
5
2
1
1
2
5
6
4
2
6
3
8
2
6
6
4
4
4
7
3
3
1
3
8
5
6
4
6
7
4
3
6
2
5
7
3
6
5
7
9
9
7
9
8
7
3
4
13
3
7
9
11
10
10
9
7
9
7
9
8
12
14
9
14
19
12
11
11
5
17
14
17
10
14
14
11
13
11
9
13
20
17
20
18
16
18
19
19
19
22
19
17
16
31
16
15
16
14
26
19
23
21
20
16
25
17
26
26
23
29
28
18
23
28
18
30
30
21
22
24
25
21
30
40
31
30
35
27
29
22
37
36
41
37
36
25
31
45
25
28
32
35
38
31
36
27
48
39
35
48
33
43
37
48
47
41
42
39
43
37
43
44
48
34
54
38
47
42
58
48
46
48
39
48
58
47
59
64
70
58
52
40
47
58
58
53
85
49
57
62
64
49
48
55
58
57
70
59
68
55
85
81
75
76
65
66
57
55
60
69
64
61
71
61
55
73
78
66
69
81
81
79
90
72
74
87
65
77
70
79
79
69
67
81
69
100
101
69
80
100
64
94
60
91
81
85
76
87
97
97
84
83
82
84
79
90
76
95
97
64
92
89
88
97
99
98
97
76
96
95
81
94
106
101
82
86
102
89
100
96
96
88
98
110
91
105
103
103
96
104
117
92
100
111
93
93
104
111
104
102
96
100
103
103
99
97
92
113
98
110
99
102
99
117
111
87
106
100
100
120
118
125
120
91
108
109
115
117
122
119
115
117
130
99
126
121
95
116
110
101
127
120
107
117
132
108
123
105
125
128
131
111
106
115
116
129
120
130
154
116
155
126
137
120
140
123
109
132
108
117
130
148
120
133
111
125
131
129
142
133
130
126
138
131
132
160
117
130
129
115
134
131
129
149
121
129
131
131
135
124
146
131
134
142
161
136
137
139
122
142
135
103
125
119
149
147
147
130
154
152
135
144
160
146
129
146
131
142
136
151
163
150
126
149
146
141
142
147
147
132
170
137
155
166
141
152
164
138
145
169
137
155
154
150
156
153
161
150
172
167
149
161
162
146
156
158
167
163
123
155
164
162
163
167
144
153
178
159
156
159
172
159
139
154
176
186
166
182
175
181
161
162
212
178
194
178
175
203
175
169
186
191
181
156
171
175
179
185
166
196
181
173
204
181
177
204
180
196
169
204
185
201
180
189
186
170
203
209
195
174
203
202
228
238
217
202
204
226
219
199
218
211
214
211
215
225
202
229
217
242
237
236
268
257
243
244
241
245
235
244
236
239
237
242
247
229
269
259
261
239
276
256
248
258
243
246
240
257
241
273
265
267
255
285
265
235
261
271
283
264
248
244
247
262
297
300
260
278
272
258
292
254
289
254
278
278
286
292
272
265
279
282
301
290
274
293
287
290
275
284
282
255
272
262
268
270
268
286
300
279
305
266
252
308
297
255
269
279
274
302
257
275
277
290
274
262
278
266
288
304
256
248
236
268
293
269
282
249
269
234
249
250
254
225
250
288
271
278
263
240
259
260
224
267
272
238
229
197
240
236
226
243
248
244
262
230
247
243
239
263
244
216
230
233
227
253
253
235
237
224
223
214
240
237
199
247
226
232
232
247
244
261
230
243
229
214
260
199
210
230
219
240
210
224
212
212
211
213
204
225
219
228
211
207
212
228
222
202
212
208
190
238
226
242
193
222
220
212
225
211
209
194
220
201
249
235
211
191
231
245
203
205
202
197
210
222
237
204
198
207
219
209
242
234
205
190
200
224
219
186
236
185
218
218
217
212
200
203
206
184
188
212
203
206
185
192
176
192
211
192
222
199
223
185
207
217
207
197
213
200
226
202
205
188
189
211
196
226
185
188
197
189
195
212
199
165
198
202
207
202
178
178
195
219
208
187
199
220
175
183
186
200
202
194
196
197
181
194
179
205
154
203
191
204
205
188
199
189
189
180
216
188
209
188
192
193
159
190
174
162
178
206
203
190
188
191
199
205
178
184
182
195
183
183
174
192
182
205
182
184
183
187
182
174
157
186
180
194
172
207
180
163
189
204
190
204
199
200
181
177
176
185
190
184
196
212
159
197
189
191
177
167
172
189
196
193
192
173
219
208
180
198
184
172
168
215
176
197
187
194
173
184
177
207
214
191
185
173
207
180
216
218
181
205
197
193
185
194
180
181
197
194
206
207
183
200
181
194
172
204
182
194
187
216
203
190
214
193
186
194
209
191
193
224
193
204
205
173
179
207
210
196
197
185
188
227
197
183
190
201
197
229
215
194
189
202
190
190
206
184
186
199
195
199
178
192
194
208
225
217
217
210
208
178
218
217
216
185
200
204
196
199
208
254
230
207
205
201
212
206
210
198
183
231
214
197
216
207
205
215
214
228
222
204
217
201
213
214
202
211
188
224
224
233
220
235
180
211
239
221
247
222
210
219
259
233
217
221
225
233
229
216
191
233
244
235
232
228
207
226
213
226
194
224
220
230
231
235
257
223
216
239
215
223
239
232
231
225
226
233
238
236
248
226
236
242
208
235
230
218
245
253
233
226
243
230
245
225
254
231
214
244
274
233
238
244
242
254
224
231
220
221
252
256
227
251
261
229
230
231
241
216
240
237
262
250
227
233
246
230
277
246
227
257
267
240
248
197
241
229
269
264
261
264
265
289
304
217
253
258
256
259
259
294
271
257
260
229
278
252
237
260
234
235
254
241
275
290
233
250
272
262
265
265
249
271
267
289
238
233
235
275
259
256
251
276
268
258
283
290
277
263
258
247
258
274
244
265
247
261
275
273
238
282
299
278
260
255
258
280
278
280
258
289
278
273
272
236
269
272
308
270
253
289
261
271
272
282
252
258
285
259
275
262
278
289
283
294
302
263
297
254
242
282
267
271
286
324
252
256
276
257
263
261
263
293
292
265
237
254
255
238
288
244
292
275
257
273
283
295
280
240
263
266
246
260
271
261
265
256
272
272
256
282
254
295
263
260
283
246
285
254
286
301
243
264
275
288
271
276
267
264
297
266
258
288
261
260
239
260
270
305
301
268
266
288
258
256
250
279
275
277
284
263
280
276
317
279
289
235
276
267
247
288
282
281
247
252
267
266
259
272
269
271
272
293
270
236
268
282
270
248
283
270
293
268
258
281
284
279
261
246
262
256
275
300
272
276
267
287
300
278
279
269
290
269
264
266
257
278
283
259
268
292
247
283
262
239
278
269
252
294
279
276
279
295
257
283
247
281
273
277
290
278
262
310
258
247
294
273
290
282
280
345
273
311
255
239
281
288
280
290
274
279
265
280
292
282
279
283
286
285
286
277
274
283
291
257
274
272
253
247
254
248
285
273
282
279
282
261
266
256
276
270
276
272
281
244
268
252
272
277
274
286
273
273
283
243
262
251
304
290
266
265
267
266
290
261
269
267
270
272
248
262
270
260
297
258
287
289
274
267
272
288
274
265
266
268
280
241
259
282
275
260
286
260
267
272
307
277
299
283
251
263
274
292
288
245
238
265
267
263
272
289
295
270
276
262
275
278
295
256
276
258
262
293
278
268
283
257
277
266
257
255
279
254
275
241
267
305
280
260
286
278
252
249
268
288
308
280
276
253
263
289
292
297
262
258
270
277
282
270
264
301
246
264
254
262
274
268
253
283
258
292
268
273
274
246
320
272
263
275
271
278
248
286
287
308
267
271
243
273
263
270
256
236
289
287
288
274
286
276
260
280
293
289
246
260
292
301
278
237
282
280
250
260
295
308
263
253
252
261
302
294
265
277
284
302
302
264
236
299
221
257
269
262
266
265
258
259
258
264
262
272
285
265
299
282
253
250
291
271
266
280
265
284
269
285
243
250
263
270
254
267
242
217
279
273
301
273
294
283
282
279
272
285
258
270
248
292
265
304
280
290
257
275
292
294
285
273
251
294
284
264
266
292
270
269
265
260
279
252
280
266
272
306
248
274
287
271
266
262
283
310
268
263
284
289
272
285
273
272
258
275
295
288
274
254
281
265
257
273
278
317
276
264
304
305
266
254
252
266
281
281
293
278
269
258
262
251
275
249
269
283
306
258
238
280
254
262
253
303
295
264
289
290
255
257
279
293
272
254
278
283
246
260
286
280
264
277
275
252
288
313
255
289
250
267
290
265
296
314
260
299
285
247
261
285
307
283
261
267
266
239
278
288
310
269
296
244
275
261
290
282
269
270
286
260
286
297
291
290
289
282
282
292
258
260
269
268
270
279
278
290
267
269
268
262
288
255
289
261
253
268
277
261
237
279
270
302
269
271
267
269
297
307
283
287
277
265
265
288
270
290
269
297
289
294
276
251
259
263
279
262
241
258
257
254
315
286
280
279
260
242
295
279
284
304
274
287
297
293
290
282
277
253
270
263
290
249
296
258
258
275
295
276
287
267
275
255
301
292
301
274
255
291
265
274
304
285
277
249
263
275
253
270
296
254
271
288
302
262
259
259
286
275
244
287
278
245
242
251
278
284
257
261
274
285
260
290
248
300
271
275
268
268
260
266
253
266
288
286
297
288
258
252
294
292
280
245
247
275
282
265
260
300
267
264
282
285
257
271
287
259
272
273
294
270
267
292
268
290
252
247
267
268
274
260
273
266
269
289
286
260
273
313
265
248
261
263
267
254
292
270
274
277
264
240
272
271
256
277
271
270
302
285
276
287
269
255
286
249
287
253
228
254
268
255
273
258
282
296
260
279
247
254
270
262
267
246
251
270
250
263
239
251
245
264
282
263
256
243
269
267
277
268
252
249
218
260
265
292
258
279
269
268
258
246
244
271
259
259
269
232
253
257
247
261
276
271
253
294
268
279
267
229
239
274
230
241
258
270
224
271
244
239
276
252
270
233
283
254
244
285
234
262
291
261
249
264
249
270
258
245
243
232
257
257
274
253
240
234
249
246
264
238
228
254
287
249
261
284
237
237
270
239
247
250
257
250
245
261
238
235
252
227
245
259
235
242
246
231
244
231
256
244
223
218
256
252
242
243
240
232
263
278
253
233
222
214
245
230
233
250
244
232
213
229
224
264
264
246
228
223
220
248
253
239
246
270
239
253
208
240
214
245
230
218
218
236
243
208
206
226
261
239
230
214
205
221
236
240
264
242
242
254
254
239
233
255
262
246
211
249
247
246
266
225
221
214
238
222
226
208
242
214
224
245
249
222
252
249
262
234
227
258
256
239
212
210
230
229
269
202
227
215
212
209
244
232
225
228
219
208
229
222
243
251
209
241
224
221
224
225
244
223
237
234
228
198
249
219
226
204
233
206
202
217
216
251
220
214
268
255
226
240
217
217
238
232
198
239
235
235
228
224
227
214
202
202
208
241
234
207
206
232
212
230
221
222
202
188
245
217
183
202
253
199
221
233
215
214
213
214
215
214
210
205
202
216
229
228
201
214
197
243
218
240
210
210
211
207
213
237
229
207
227
228
201
229
223
198
200
209
199
226
237
237
223
222
198
219
214
203
201
200
216
175
206
196
203
206
216
216
192
206
210
234
225
194
224
233
178
194
204
208
204
196
213
206
181
199
219
199
189
203
201
205
197
192
197
214
211
197
200
196
211
228
193
216
196
179
215
192
200
204
199
199
178
222
217
211
196
196
207
166
219
202
197
220
201
205
214
208
230
222
185
208
176
187
191
186
203
222
210
209
181
186
183
197
201
196
196
185
209
208
193
185
194
189
207
167
186
175
197
215
185
218
199
196
214
203
200
183
174
193
188
172
203
163
197
201
189
178
208
183
193
182
194
197
215
187
192
183
187
187
187
205
177
201
188
176
186
184
184
187
195
194
177
209
193
203
182
185
210
176
189
198
183
199
205
189
199
196
159
205
184
178
182
198
185
177
191
194
184
200
174
197
183
184
195
186
185
183
210
187
186
179
194
211
167
192
198
219
162
166
187
213
197
197
175
186
192
186
204
204
181
204
186
177
182
180
163
208
188
172
178
186
192
167
188
183
185
198
179
177
190
156
176
170
168
170
173
171
166
184
154
165
183
197
189
179
184
176
174
184
177
173
169
183
177
188
194
196
180
180
179
179
168
193
180
181
177
167
177
179
146
211
162
170
177
172
199
166
186
189
184
162
186
192
159
196
160
169
157
180
157
169
142
190
162
194
174
165
178
187
167
170
175
167
174
170
189
176
162
153
166
197
172
169
176
169
165
173
158
153
152
166
183
139
163
183
201
195
185
181
173
177
164
184
153
168
156
168
173
170
179
169
171
184
169
151
154
165
177
171
153
168
187
162
187
188
169
179
166
176
187
187
162
186
189
163
195
144
169
177
161
145
151
165
142
171
169
161
169
175
160
187
171
177
157
158
165
149
184
188
145
143
151
199
188
152
161
167
154
156
191
180
170
190
134
194
162
165
184
168
168
185
151
175
159
158
161
169
167
165
164
146
181
153
174
165
178
168
153
146
141
156
182
161
164
140
155
179
136
164
159
161
148
158
148
169
162
157
168
163
179
142
157
162
148
172
157
172
136
146
181
136
146
150
156
134
159
160
159
146
177
177
155
151
172
168
150
139
168
149
162
146
154
142
153
169
134
173
175
176
141
162
135
132
177
162
159
162
153
149
137
140
132
158
165
160
146
175
154
169
163
161
168
167
164
154
156
154
174
164
166
148
153
134
163
149
171
167
167
147
168
149
145
157
149
141
158
149
153
181
151
140
147
171
138
152
152
138
154
169
145
146
157
154
167
144
151
176
139
162
153
160
154
162
144
161
160
155
163
149
172
166
158
157
138
159
162
165
153
167
173
160
160
160
139
161
164
159
163
137
161
185
156
165
150
149
180
169
161
144
163
148
160
146
169
142
150
158
158
161
168
153
145
152
155
149
190
156
184
156
161
141
150
140
176
140
147
155
142
163
155
132
154
131
152
149
147
157
160
157
140
162
188
169
144
147
157
155
150
171
161
177
168
151
155
160
156
167
152
176
155
143
154
155
162
170
150
146
143
168
148
148
155
163
168
160
128
166
155
170
164
146
165
140
143
135
175
154
153
134
165
136
170
163
157
165
145
139
157
135
146
148
146
160
148
140
157
149
171
166
136
157
151
161
152
139
157
154
151
156
158
143
133
150
131
163
155
148
153
152
144
143
155
153
143
162
163
152
133
138
146
142
158
182
186
143
145
152
162
164
153
140
139
156
164
144
160
161
124
143
163
143
155
162
148
162
123
159
141
131
156
167
156
158
162
139
134
128
155
146
165
144
168
174
150
141
153
146
130
135
156
162
161
153
173
136
154
141
179
137
142
155
161
165
151
166
154
165
138
144
159
142
145
137
150
162
140
152
164
136
164
161
150
156
164
153
143
133
132
133
160
168
159
149
138
163
158
163
145
126
135
150
153
152
139
136
133
157
152
133
140
143
132
160
163
148
161
142
150
147
124
136
146
144
140
139
145
134
156
149
154
158
159
142
157
154
143
179
130
169
173
160
167
143
133
153
156
140
134
136
126
146
145
169
159
154
138
149
153
129
135
146
148
137
158
152
147
159
148
144
134
166
143
141
146
160
158
140
134
146
167
145
178
157
136
130
168
148
154
145
154
146
155
144
150
162
164
138
154
141
136
144
163
157
150
154
148
144
155
154
161
175
148
140
161
142
185
144
172
154
156
147
148
143
149
144
166
177
154
147
162
139
140
138
172
128
149
141
153
151
139
163
151
141
145
139
141
169
149
149
144
145
147
132
155
138
141
153
168
159
152
129
140
134
153
164
140
139
142
126
148
150
135
136
146
149
152
148
168
139
162
133
151
164
153
144
133
165
162
164
180
141
155
188
140
166
155
141
154
153
171
155
148
148
154
149
143
154
143
146
161
161
148
134
149
135
152
118
135
148
170
148
136
160
173
137
143
148
157
183
164
148
140
155
144
144
161
157
168
164
138
137
139
137
144
166
162
147
170
158
162
153
155
167
137
167
157
161
151
173
135
157
146
158
144
153
156
153
185
158
162
144
126
138
140
162
153
155
156
166
160
161
156
132
132
137
152
144
144
162
164
169
144
175
153
139
167
154
134
141
162
152
163
131
158
155
167
156
169
157
156
160
146
156
137
166
137
177
150
148
167
168
150
151
154
171
142
156
145
138
159
153
163
135
147
137
144
168
184
158
146
145
148
158
156
151
134
169
155
129
156
150
138
156
134
178
139
145
159
160
165
166
145
176
158
138
161
168
146
151
154
138
153
138
155
134
155
165
176
155
149
167
156
149
159
146
168
136
153
155
141
136
157
163
155
147
146
154
158
120
144
146
141
173
143
165
143
162
158
151
148
165
160
152
158
148
160
134
135
155
149
153
147
158
156
187
175
180
152
171
164
190
163
155
139
161
176
148
129
163
150
158
153
162
163
147
175
149
148
148
140
178
143
141
151
160
145
169
172
167
152
145
165
159
144
135
187
146
195
154
156
181
159
191
166
148
157
164
166
152
167
141
130
151
165
139
138
163
157
180
153
155
147
166
150
165
155
159
168
157
146
167
146
185
157
174
135
169
166
159
149
160
143
166
174
154
178
156
162
157
164
151
137
164
137
159
165
167
173
157
181
153
155
163
155
171
154
134
145
170
155
159
155
160
163
169
178
177
170
167
169
170
147
188
168
144
150
167
161
153
144
139
163
157
170
147
157
148
162
181
166
165
165
157
168
173
151
163
141
157
178
153
173
160
177
174
169
152
150
167
172
173
153
161
141
153
174
166
138
150
161
135
158
171
183
153
145
145
163
159
146
160
190
163
172
167
171
151
146
144
171
161
173
173
167
155
170
156
174
184
156
159
150
173
160
177
178
149
165
183
169
193
153
162
160
161
154
151
163
179
153
158
150
171
160
188
176
184
157
191
162
167
172
133
155
171
149
173
141
160
181
165
158
144
171
149
169
162
182
176
155
157
153
161
136
172
176
182
176
160
179
170
152
172
158
166
177
162
175
162
162
167
161
175
167
171
180
164
156
175
170
183
172
166
187
169
170
156
167
167
173
178
161
165
158
144
167
153
167
176
142
178
171
192
176
165
173
170
154
159
148
180
180
165
160
165
183
151
197
167
180
150
180
158
176
178
155
162
176
198
160
164
177
165
165
177
190
179
173
157
172
171
173
169
148
175
202
185
192
166
151
170
192
146
158
166
173
189
153
180
173
183
170
167
167
178
147
174
194
192
164
181
153
183
176
185
164
165
152
169
173
174
198
198
164
175
167
169
185
191
177
168
197
166
178
172
162
170
168
166
164
175
175
180
188
174
172
206
162
187
174
172
186
168
191
171
169
192
154
172
172
182
173
180
191
191
193
161
187
168
178
163
189
156
187
195
157
165
171
193
190
175
162
176
209
186
168
170
175
184
194
171
168
170
189
174
172
172
167
194
169
201
185
194
170
176
158
172
199
189
172
186
179
203
179
175
196
166
175
166
205
176
175
193
211
172
173
194
185
182
170
190
201
185
173
191
185
183
200
178
191
178
181
201
165
191
167
203
175
184
166
194
179
184
166
196
169
169
176
205
172
198
184
173
186
184
180
219
185
180
172
182
192
186
167
184
180
162
180
166
200
180
165
195
157
171
201
173
194
171
153
172
171
171
188
174
197
178
184
187
196
187
190
178
197
170
173
185
191
198
173
180
208
202
179
194
172
204
206
174
167
177
171
179
205
195
180
167
183
196
168
201
199
185
215
187
205
169
187
212
209
181
210
193
185
163
214
176
160
186
173
173
181
205
183
187
190
213
234
192
187
180
174
161
167
202
181
173
192
178
190
168
169
162
198
182
199
197
182
189
181
182
162
197
187
184
197
209
202
216
172
177
176
188
175
203
165
182
191
207
170
204
181
175
207
182
198
180
185
187
198
192
182
215
181
196
219
193
163
219
191
173
201
192
225
216
183
215
172
188
189
187
192
174
158
173
162
191
167
205
185
178
192
191
177
168
201
176
189
198
200
190
189
195
189
208
198
187
186
212
175
187
203
186
190
195
196
206
191
192
180
190
190
172
175
178
201
221
194
206
176
185
169
186
208
209
206
174
175
208
196
186
197
182
206
169
194
192
184
210
200
203
205
159
196
176
212
210
188
176
188
199
169
201
169
175
180
214
195
192
187
189
215
183
211
186
184
198
187
186
178
200
180
188
167
184
191
178
176
190
206
196
179
192
169
186
186
182
200
210
202
203
194
180
197
190
209
210
227
196
194
193
200
208
195
180
198
197
191
185
175
203
178
206
175
188
169
192
193
185
187
182
174
159
181
177
160
182
180
182
170
180
170
173
179
210
210
210
168
176
188
184
177
179
196
185
178
178
170
189
186
186
190
187
192
181
186
160
178
197
186
173
175
193
179
187
177
174
158
188
174
173
181
204
202
182
195
179
187
196
208
203
171
172
182
205
180
181
152
176
169
168
180
194
205
166
170
183
177
167
163
209
198
163
185
180
164
181
170
181
192
190
178
167
197
160
155
173
206
182
172
184
177
175
182
180
168
157
182
187
182
178
196
172
167
189
167
190
151
178
169
178
191
196
175
161
160
165
177
181
210
187
187
170
172
187
165
183
189
158
172
187
170
183
154
179
185
186
165
160
183
172
175
154
159
176
197
162
196
168
175
165
178
168
191
161
149
166
165
167
164
172
165
166
148
187
161
175
174
155
162
190
162
149
167
179
159
194
156
184
163
173
165
156
182
180
154
177
169
169
183
174
178
157
174
158
168
154
155
133
153
188
168
169
165
150
141
166
158
177
169
149
156
183
152
152
144
177
166
160
156
161
168
153
138
169
172
164
161
167
169
161
180
176
165
155
155
159
151
184
164
168
167
167
177
143
154
168
164
168
171
161
167
159
149
159
163
181
153
160
150
160
162
138
166
170
138
150
152
142
157
150
152
161
160
156
172
156
182
151
147
138
165
141
146
152
142
157
156
168
156
167
147
155
136
151
152
170
149
139
169
167
164
157
161
170
160
156
151
156
144
147
156
144
149
170
169
161
133
152
146
147
135
154
151
157
148
120
171
124
121
145
154
156
131
141
152
164
143
151
148
131
150
145
153
125
154
148
173
148
132
155
145
145
124
132
117
139
174
132
170
141
142
143
138
133
142
132
149
138
112
158
175
148
150
157
134
133
145
127
129
139
147
144
128
117
161
149
146
143
137
141
147
155
128
148
159
136
138
138
134
128
141
147
138
133
142
116
145
143
118
144
140
133
135
121
122
121
135
137
133
144
134
140
134
153
136
165
130
122
124
138
148
119
123
134
135
133
119
134
127
119
129
131
146
133
145
146
121
126
142
125
138
125
144
126
133
137
130
156
126
137
145
133
142
139
149
150
160
128
126
161
130
142
137
150
158
143
128
138
136
140
140
133
133
138
118
146
148
127
132
147
137
122
162
153
155
131
142
140
149
145
168
159
128
143
163
124
140
167
141
143
148
137
174
132
137
152
126
143
160
138
139
138
134
130
135
154
143
157
154
151
154
154
127
142
129
176
163
123
146
166
162
150
153
157
164
159
140
168
158
191
161
183
165
159
159
168
159
175
156
167
151
188
179
176
179
163
156
159
161
177
172
174
191
175
180
155
180
163
185
195
196
188
196
173
168
186
170
183
154
184
161
149
217
196
184
191
193
197
184
218
201
193
178
201
197
189
192
190
200
195
190
234
206
196
235
213
188
208
185
231
190
187
212
228
220
212
231
218
218
221
220
233
262
184
227
235
229
233
236
254
234
237
224
220
231
229
218
239
250
237
244
248
247
255
220
227
278
229
235
250
242
272
239
269
262
240
273
277
270
244
272
242
257
277
267
282
273
250
270
259
276
245
291
336
271
286
285
275
265
263
292
276
289
296
284
281
278
275
296
300
281
282
267
286
300
315
284
312
298
333
318
278
294
307
319
322
315
301
334
303
336
293
336
276
333
286
315
347
345
322
315
323
298
311
355
349
327
333
336
337
307
357
340
332
347
335
330
328
316
351
354
353
386
342
355
344
356
389
383
350
373
315
333
368
371
351
370
362
350
374
355
359
347
379
370
370
391
368
357
337
363
343
363
368
365
404
370
383
414
377
365
380
415
342
385
388
364
412
363
386
362
394
403
393
366
383
372
391
393
401
437
423
423
377
366
403
396
417
405
396
404
379
408
354
403
410
413
389
408
387
404
403
412
371
427
415
394
394
426
401
421
397
405
434
457
394
422
394
405
439
442
409
445
430
409
467
411
434
443
421
430
407
434
423
393
394
411
467
401
386
424
405
402
407
408
377
440
400
414
463
403
406
431
419
390
411
388
417
449
439
422
434
437
448
424
425
387
411
443
439
434
430
406
423
441
444
431
432
434
433
441
399
395
426
393
423
428
431
396
417
396
383
427
402
413
387
422
407
423
419
431
437
398
404
445
427
461
412
460
456
456
407
407
430
448
437
452
444
403
405
438
439
429
432
414
428
458
455
394
431
407
419
424
432
418
431
424
441
394
448
406
446
451
410
435
448
435
415
463
466
448
430
456
450
441
410
419
461
434
436
412
446
475
433
444
435
423
404
437
405
418
467
443
418
434
408
454
480
453
432
441
442
454
411
436
435
446
422
435
425
423
398
456
462
464
432
426
446
473
412
457
460
427
403
464
415
429
449
415
470
435
420
433
445
475
428
425
440
412
424
406
414
441
449
427
455
453
433
455
455
429
443
462
450
419
437
454
428
462
439
433
410
415
420
443
431
391
412
421
425
453
445
385
440
400
445
448
415
402
447
421
435
427
441
427
425
417
415
409
407
411
432
403
431
408
413
410
435
433
417
419
430
421
422
441
396
369
440
409
426
380
419
424
457
419
390
387
401
422
439
403
425
405
393
388
383
407
422
405
388
397
405
398
452
363
397
384
377
349
408
340
345
377
377
356
362
370
389
365
374
334
383
343
371
369
313
367
356
346
357
378
342
334
348
328
319
352
332
363
343
322
326
319
355
327
299
379
334
306
314
330
324
341
313
318
337
341
337
305
303
274
293
311
310
283
296
275
269
307
290
267
259
288
273
276
278
276
259
258
271
277
262
286
257
267
263
256
236
252
228
263
281
247
239
235
213
252
250
214
244
254
231
241
237
238
229
228
221
223
200
225
214
213
220
215
205
192
214
219
194
223
203
207
215
177
210
170
190
202
215
185
182
210
187
177
168
179
170
153
156
166
154
174
166
164
162
149
160
151
174
162
140
177
143
144
128
156
132
132
129
142
145
144
135
122
126
152
131
131
139
113
94
117
106
100
88
111
123
102
105
90
121
123
93
119
117
97
101
97
95
94
87
104
92
101
72
90
103
72
76
86
106
77
71
80
71
66
78
73
74
79
88
83
85
88
78
69
64
53
82
67
69
68
66
61
67
57
62
58
57
55
56
48
62
58
42
41
52
62
55
43
37
46
35
49
58
42
46
49
52
42
49
40
41
47
44
37
41
47
43
36
41
40
34
36
34
37
38
34
19
25
37
32
30
19
23
33
32
37
32
30
28
18
31
26
36
32
22
21
23
19
29
30
25
35
22
19
28
26
19
24
25
24
25
21
24
17
23
24
18
23
16
20
13
12
13
18
14
16
16
16
15
17
14
22
12
13
22
23
6
17
15
13
25
16
11
16
17
16
11
10
18
12
18
14
14
12
8
8
12
10
9
15
15
9
13
6
14
13
10
8
10
12
17
13
8
11
17
8
10
7
14
7
12
9
4
7
17
12
16
19
9
6
14
8
8
7
13
8
14
3
6
8
8
6
12
8
10
7
4
12
13
6
7
13
12
12
8
4
14
14
4
11
4
11
14
8
9
9
12
13
7
7
6
11
7
8
4
13
10
6
6
5
9
7
6
10
7
3
11
8
5
10
9
10
7
4
8
14
7
7
6
13
7
11
10
9
10
8
10
9
4
16
10
8
12
13
8
5
11
10
10
14
7
9
16
9
5
8
7
6
13
4
2
14
12
10
14
11
11
10
4
8
8
4
5
7
5
14
10
8
11
9
7
4
11
11
11
12
9
11
7
13
8
8
13
13
6
12
15
7
13
12
7
5
4
8
9
7
8
9
11
13
9
10
7
13
9
12
20
6
9
6
10
12
9
3
12
9
12
8
8
7
7
9
7
9
9
5
11
12
6
8
10
11
9
11
13
6
13
7
14
14
6
7
13
11
15
10
7
16
9
11
8
8
8
7
11
7
13
9
5
7
5
5
8
8
10
10
9
8
4
5
9
7
9
8
9
8
4
10
16
8
8
7
5
8
3
9
6
9
4
10
4
9
11
4
11
8
7
4
8
8
3
6
2
2
1
8
3
5
6
8
7
4
6
7
6
7
7
10
3
3
4
5
5
2
6
4
7
8
4
5
2
5
3
6
6
5
5
2
6
1
6
9
5
3
3
9
8
8
4
7
5
3
2
2
4
6
6
1
3
2
1
4
2
5
5
3
1
3
8
4
4
3
4
3
6
5
4
4
1
4
3
6
5
7
5
5
4
4
2
6
7
5
2
5
1
3
4
12
8
3
8
4
5
10
11
6
3
8
4
3
6
8
4
4
8
7
8
3
5
1
4
3
8
4
8
4
2
2
8
5
4
13
6
9
10
7
8
5
8
13
6
7
6
7
4
13
5
3
6
5
4
8
4
6
11
9
10
7
7
5
9
13
9
7
9
8
2
7
13
6
7
9
3
6
9
10
11
8
7
5
13
10
9
5
7
2
8
13
6
14
13
5
8
7
17
4
9
11
10
9
12
12
9
7
10
10
11
8
3
5
7
11
8
4
5
13
2
9
6
15
11
9
6
7
4
7
9
8
6
16
7
9
15
15
11
13
7
14
12
6
10
5
10
10
9
6
11
8
10
10
10
9
11
11
7
10
13
10
10
10
11
7
10
6
10
12
4
7
9
9
6
9
11
2
6
4
3
9
8
5
8
4
5
9
5
4
6
8
5
6
7
4
8
6
4
3
5
7
6
6
7
3
5
4
9
7
4
3
4
4
1
3
5
1
2
3
2
1
3
2
3
1
2
6
6
4
3
3
4
3
2
3
0
0
1
7
1
2
2
4
1
1
8
0
3
1
3
2
3
1
2
0
2
0
3
1
1
2
1
1
1
0
2
1
1
1
5
5
0
3
4
0
1
1
1
1
0
2
0
3
3
1
1
1
1
1
0
2
1
1
2
0
0
2
0
2
2
1
2
3
1
4
0
0
1
1
0
2
0
0
3
1
1
3
0
0
1
3
3
1
0
1
0
0
0
2
0
1
0
1
1
0
1
1
1
1
2
2
0
0
2
2
2
0
0
0
1
0
1
0
0
0
0
1
0
2
1
1
0
0
0
0
0
1
1
3
1
1
0
1
1
2
0
0
2
0
0
3
1
0
3
1
0
0
1
0
2
0
3
0
2
0
0
0
1
1
1
0
0
1
1
0
0
1
0
1
1
2
2
1
0
0
1
1
0
1
0
0
0
0
0
1
0
0
1
1
1
0
1
1
0
0
1
0
0
0
0
0
1
1
0
1
0
0
0
0
3
1
0
1
2
0
0
1
1
0
0
0
0
1
0
1
0
1
0
0
0
0
1
0
1
0
1
1
0
0
0
0
1
0
0
0
0
0
1
0
1
0
0
0
0
1
0
1
2
0
0
0
1
0
0
0
1
0
0
0
0
0
0
0
0
1
0
0
0
0
0
1
1
0
0
0
0
0
1
0
1
0
1
0
0
0
0
0
0
0
0
0
0
0
0
0
0
0
1
2
1
0
0
0
0
1
0
0
0
0
0
4
0
0
0
1
1
0
0
1
1
0
0
0
0
0
1
0
0
0
0
0
0
0
0
0
2
1
0
0
1
0
0
0
0
0
0
0
0
0
0
0
0
0
0
0
0
1
0
0
1
0
0
1
1
0
0
0
0
0
2
0
0
0
1
0
0
0
0
1
0
0
0
0
0
0
0
0
0
0
1
0
0
0
0
0
0
1
0
0
0
0
1
1
0
0
0
0
0
0
0
1
0
0
0
0
0
0
1
1
0
0
0
0
0
0
0
1
0
1
0
0
0
0
0
0
0
0
1
1
0
0
0
0
0
1
0
1
0
0
0
1
1
0
1
0
0
0
0
0
0
2
0
0
0
1
1
0
1
0
0
0
0
0
1
0
0
0
0
1
0
0
0
2
0
0
0
0
1
0
0
1
0
0
0
1
1
0
0
0
0
0
0
0
0
0
1
0
0
0
0
0
0
1
0
1
0
0
1
0
0
1
1
0
0
0
1
0
0
1
0
0
0
1
0
0
0
1
0
1
0
1
0
1
0
0
1
0
2
0
1
0
0
0
0
0
0
0
0
0
0
0
2
1
0
1
0
0
0
0
0
1
1
0
0
1
0
0
0
0
0
1
1
0
1
0
0
0
0
0
0
0
0
1
0
1
0
1
0
1
0
0
1
0
0
0
0
0
0
1
0
1
0
1
0
0
0
0
0
0
1
0
0
0
0
0
0
0
0
0
1
0
0
0
0
0
0
0
1
0
1
0
0
0
0
0
0
0
0
0
0
1
0
0
0
0
0
0
0
0
0
1
0
0
0
0
0
0
0
1
1
0
0
0
0
1
1
0
1
0
0
0
0
0
0
0
0
0
0
1
0
0
0
0
0
0
0
0
0
0
1
0
0
2
1
2
0
2
1
0
0
0
0
0
0
1
0
0
0
0
0
0
0
0
0
1
0
0
1
0
0
0
1
0
0
0
0
0
0
0
0
0
0
0
0
0
0
0
1
0
0
1
0
0
0
0
0
0
0
0
0
0
0
0
0
2
0
0
0
0
0
0
0
0
0
1
0
0
0
0
0
0
0
0
0
0
0
0
0
0
1
0
0
0
0
0
0
0
0
0
0
0
2
0
0
0
0
0
0
0
0
0
0
0
0
0
0
0
0
1
0
0
0
0
1
0
0
0
0
0
0
0
1
2
5
2
4
7
3
2
7
2
5
7
3
0
6
2
2
3
4
0
2
3
2
5
2
6
4
3
2
2
4
4
0
1
2
1
5
1
2
2
2
2
8
0
5
4
2
3
2
3
3
8
2
1
1
3
2
2
2
2
2
4
1
4
1
6
1
3
3
5
6
2
5
3
1
1
3
3
2
1
3
1
0
6
2
1
4
3
3
2
5
4
1
4
3
1
3
5
5
3
3
1
5
2
1
1
2
2
4
3
4
4
2
3
3
1
3
1
2
3
1
2
5
4
4
4
5
4
2
0
