19501
15735
12193
8816
6314
4336
3087
2049
1375
977
593
474
243
177
100
76
67
46
34
26
21
17
5
13
9
7
5
3
1
2
1
0
2
1
0
0
1
1
0
1
2
0
0
2
1
1
1
0
1
0
0
0
1
0
0
0
1
2
0
1
1
0
0
0
0
1
0
0
1
1
0
2
2
0
0
2
0
5
0
1
1
1
3
1
0
1
0
1
1
1
3
1
2
1
1
0
1
0
3
0
0
0
1
2
0
0
1
0
0
1
1
1
0
2
0
0
1
0
1
1
1
0
0
2
0
1
1
0
0
0
0
1
3
0
0
0
2
0
0
1
0
0
1
0
0
0
0
0
1
0
0
2
1
0
0
1
1
0
0
0
0
0
1
1
0
0
2
2
1
0
0
1
1
0
1
1
3
0
0
0
1
0
0
1
1
0
0
3
0
1
0
0
1
0
1
1
0
0
2
1
2
4
0
0
2
0
4
0
0
0
2
0
0
2
1
2
0
0
1
0
1
0
1
0
0
1
0
2
0
0
0
0
1
0
1
0
1
1
1
0
1
0
0
0
0
1
1
2
0
0
1
0
0
1
0
0
1
0
0
2
0
0
0
1
1
2
1
1
0
0
1
1
2
0
0
0
1
2
1
2
1
0
0
0
0
1
3
2
0
3
1
2
2
2
3
0
0
0
2
0
0
0
0
1
1
1
1
0
3
1
1
0
3
1
0
0
0
0
2
0
0
2
1
0
0
2
1
1
0
0
0
0
1
0
0
0
2
0
0
0
1
0
0
0
0
1
1
0
1
0
0
0
0
0
3
0
0
1
0
0
1
2
0
0
1
0
2
2
3
0
0
0
0
3
0
0
2
0
0
0
1
3
0
1
1
1
1
0
0
1
2
0
0
2
0
0
0
0
0
0
0
0
1
0
0
1
1
2
0
0
0
0
2
0
0
0
3
0
1
0
0
2
2
3
1
0
0
0
1
0
0
0
1
2
1
2
0
0
1
0
1
4
1
3
2
0
1
1
0
1
0
0
2
1
2
1
3
1
0
1
1
2
0
1
1
0
0
4
0
0
3
2
1
0
1
0
0
1
1
2
0
4
0
0
3
1
2
2
1
1
2
0
3
1
1
1
0
1
1
3
3
1
1
6
2
5
1
3
3
3
0
3
1
2
4
2
4
4
1
2
4
4
4
2
5
6
4
3
2
3
4
6
3
7
8
4
6
6
2
6
1
4
8
9
11
9
7
2
6
8
5
6
3
11
10
5
3
7
5
11
8
14
9
10
9
10
17
11
8
13
5
16
11
10
15
18
18
13
14
14
15
11
12
14
20
13
9
17
21
17
16
7
12
19
16
20
23
22
16
16
29
31
26
20
28
22
23
15
24
24
24
24
18
33
26
15
21
26
38
30
27
19
39
28
29
33
38
32
28
43
35
32
39
44
49
40
36
37
35
36
50
38
36
42
65
34
42
51
38
40
49
46
36
50
46
57
55
51
57
55
47
65
54
63
67
80
55
60
57
66
59
73
69
72
64
80
72
64
74
83
90
83
71
76
87
71
93
76
88
93
95
85
81
104
92
90
114
101
109
84
93
100
112
111
114
112
112
112
105
113
122
123
116
117
118
121
128
134
125
133
108
141
133
131
121
131
120
132
115
129
142
139
148
154
154
143
158
139
146
159
149
159
152
141
149
181
172
176
156
159
156
164
166
168
179
183
164
190
157
181
182
173
180
173
186
199
188
182
159
186
194
176
194
199
196
232
214
228
203
195
217
215
188
210
210
184
193
210
222
210
217
209
220
227
225
221
210
234
222
234
232
221
250
215
250
251
234
217
217
268
237
272
222
221
254
285
264
257
261
237
250
271
244
233
266
261
246
274
270
262
263
269
270
271
244
258
277
273
306
319
275
281
291
294
297
257
297
295
287
272
290
272
359
303
315
315
304
304
310
320
303
312
289
307
335
303
309
319
317
345
332
323
359
335
316
317
313
283
336
344
306
303
347
341
364
300
319
338
359
340
349
334
352
330
345
348
341
351
353
340
358
351
320
361
341
353
391
369
399
348
351
348
380
373
375
341
365
367
346
396
331
395
402
356
386
383
399
368
376
398
369
346
387
386
386
385
415
413
402
398
406
414
425
391
417
421
437
381
427
406
408
405
390
377
399
410
427
394
440
397
411
365
417
407
388
435
384
413
418
414
418
413
441
430
434
389
448
432
466
466
439
435
434
450
406
426
448
430
455
417
438
460
483
411
428
430
439
443
429
421
442
411
453
459
454
427
461
434
454
472
450
502
484
472
472
483
458
489
456
447
451
485
496
460
448
491
450
487
517
507
492
485
480
516
487
554
542
529
566
541
506
533
524
521
567
539
551
566
542
565
563
607
551
563
595
592
585
520
615
590
638
605
599
571
615
610
582
592
626
654
600
588
608
645
642
654
611
627
639
665
611
676
668
652
648
677
694
633
681
670
648
676
712
723
744
711
672
733
695
660
724
719
727
756
765
742
774
775
774
783
746
820
741
798
803
775
810
828
806
825
831
812
791
833
801
815
853
871
835
897
855
831
922
870
863
940
916
905
876
880
887
925
865
911
894
900
828
882
905
871
909
943
902
945
950
924
969
963
891
932
925
949
911
1011
978
937
899
931
930
936
962
969
956
947
915
942
1004
933
893
976
928
918
885
955
927
882
962
948
883
927
938
917
931
890
907
928
903
898
907
910
934
941
931
921
896
882
940
909
947
871
893
890
906
903
862
894
924
922
853
856
913
852
815
895
906
864
865
868
818
859
858
846
873
808
811
784
813
869
829
860
768
817
862
797
784
780
831
801
799
785
721
746
763
773
752
784
784
741
752
785
734
753
821
775
735
807
784
766
816
731
735
740
747
759
744
716
761
774
777
743
687
737
712
726
755
710
769
748
709
740
728
725
708
694
708
721
749
675
687
731
720
718
735
637
702
681
638
713
717
731
757
719
689
712
689
665
695
687
696
696
704
693
751
721
697
691
727
696
665
711
708
765
707
682
715
693
696
672
703
686
655
697
698
687
703
719
685
673
674
681
651
668
732
688
663
653
617
658
663
693
695
692
663
672
728
612
597
654
649
614
665
637
632
667
672
654
627
607
590
632
649
664
622
647
642
585
648
639
586
620
591
635
642
618
621
625
643
606
612
562
624
633
603
568
616
649
644
587
616
614
651
561
608
586
612
621
597
619
611
591
595
620
630
612
582
587
584
585
577
575
625
605
579
591
561
625
609
636
630
608
573
633
620
573
630
597
626
624
581
634
547
599
545
584
601
628
603
607
608
616
623
616
631
634
674
616
615
606
628
596
593
578
582
581
622
578
575
667
591
612
648
644
615
584
630
629
609
591
577
622
641
630
620
606
568
564
601
607
613
580
659
627
604
615
644
636
606
649
618
639
609
609
650
655
603
578
620
623
663
636
630
649
608
661
634
646
663
612
621
647
662
627
653
649
678
691
671
664
649
686
666
669
649
656
660
646
691
632
648
711
706
675
667
665
702
685
675
657
668
667
682
689
672
634
715
726
684
697
690
672
691
678
719
694
671
647
694
754
705
721
719
736
675
678
707
705
694
704
662
759
734
734
703
719
768
751
699
687
671
695
717
675
705
690
755
716
694
736
744
756
719
693
679
741
716
740
746
747
759
698
778
798
729
746
692
759
709
774
750
755
761
768
771
830
726
769
759
725
750
784
765
683
745
795
781
754
788
779
742
792
805
791
845
797
797
788
770
797
761
837
787
781
820
813
779
817
817
806
837
788
864
802
821
797
828
828
815
808
849
863
833
808
879
859
792
832
855
825
865
893
854
868
800
837
832
806
858
862
818
873
874
850
831
840
861
844
852
849
844
885
833
878
812
891
969
897
856
848
926
895
860
862
822
855
860
920
889
842
862
883
888
885
851
841
863
844
865
916
945
870
928
948
855
895
906
881
894
854
925
853
920
884
914
837
934
899
940
934
847
930
866
913
912
867
877
886
888
932
897
887
954
923
868
883
911
883
922
885
862
870
908
945
939
880
891
923
955
886
903
906
943
898
886
887
901
879
909
866
904
824
955
911
901
859
905
883
925
886
904
888
856
911
953
837
916
897
940
912
920
860
912
917
929
906
874
810
927
954
900
959
897
911
898
826
899
846
864
886
864
956
866
919
914
965
953
869
884
941
886
948
926
890
914
859
887
910
962
867
917
880
888
876
876
915
871
919
922
884
894
989
924
856
887
872
884
871
865
901
893
861
882
958
899
934
898
902
918
895
916
926
938
911
891
919
940
893
911
892
910
895
929
908
880
887
803
890
928
870
955
956
878
825
946
865
813
890
846
899
871
874
892
908
902
871
899
818
854
870
851
867
858
907
868
897
878
857
925
906
854
862
870
891
932
851
844
920
901
898
826
838
858
934
870
903
909
875
898
858
872
838
854
885
865
922
871
882
899
883
845
867
880
933
851
865
890
859
859
818
896
935
900
882
886
881
873
885
897
859
868
883
853
912
882
872
875
888
867
856
829
843
852
901
822
853
847
845
872
875
895
891
857
908
852
884
815
801
875
894
914
804
830
817
866
870
828
816
935
913
878
896
895
872
864
856
877
831
867
860
888
831
853
909
870
876
899
859
877
808
895
883
845
868
814
877
854
842
816
861
859
872
847
877
814
834
912
890
834
819
898
879
854
843
872
883
797
837
901
806
921
874
849
826
859
860
874
848
871
868
848
840
841
881
876
880
839
809
849
828
871
875
866
816
840
812
873
842
819
794
820
897
824
843
843
785
879
820
814
856
805
829
850
845
855
872
879
855
827
793
785
805
858
912
828
851
860
865
830
814
828
864
857
838
828
851
868
860
884
847
852
855
809
809
815
799
841
858
841
847
837
833
885
850
835
812
832
829
807
900
856
852
856
804
851
861
855
827
811
793
872
821
831
814
888
769
837
897
771
838
802
845
856
791
882
831
865
840
778
767
845
827
837
885
817
806
896
874
825
833
875
841
843
822
866
867
775
845
851
860
843
854
858
854
833
834
827
816
866
837
834
861
822
805
863
808
822
837
819
885
856
814
788
858
809
839
799
835
811
845
822
830
861
822
808
804
797
821
847
856
861
848
850
853
847
800
851
856
824
824
807
875
874
852
864
805
864
844
828
882
867
855
808
826
828
867
820
821
846
828
866
856
832
846
865
837
868
829
821
840
846
874
856
820
844
878
878
818
836
889
811
838
880
870
804
868
858
868
847
890
858
840
834
846
864
873
862
795
842
831
835
870
895
851
944
873
832
812
818
842
895
878
797
911
902
871
868
835
851
816
901
853
837
885
836
913
872
869
868
830
840
902
890
838
862
841
876
872
849
866
836
891
839
904
894
882
866
851
878
868
855
880
876
818
878
872
905
834
807
829
862
890
851
879
870
826
878
864
866
908
821
839
867
772
832
905
866
825
828
895
843
897
817
839
854
863
842
892
871
860
835
893
826
930
884
850
851
879
872
838
920
847
840
842
872
885
845
911
912
840
861
866
842
806
862
861
860
876
872
814
889
900
898
888
884
877
879
865
914
879
888
855
816
829
891
896
866
855
846
899
892
877
856
906
914
861
816
884
888
829
852
885
832
868
835
911
886
872
829
867
894
856
858
892
884
863
917
826
851
822
884
875
858
845
876
877
863
849
824
839
861
876
905
880
886
850
865
894
885
855
866
886
846
824
870
851
806
824
853
912
892
875
860
835
852
849
853
894
834
844
837
852
799
868
911
862
884
838
789
811
820
806
912
865
879
827
876
839
841
796
817
841
794
840
806
821
856
835
858
818
875
824
853
867
788
859
834
807
841
844
823
834
801
839
795
835
843
883
859
892
829
827
866
851
832
811
813
848
824
817
834
827
813
770
839
831
857
763
843
850
811
862
811
792
834
842
830
817
833
787
858
816
791
792
781
827
779
788
835
776
779
834
793
805
817
824
790
747
879
822
831
841
791
807
807
817
789
788
767
796
813
789
791
766
761
760
761
755
766
783
797
754
780
814
780
781
769
811
815
804
774
737
785
779
762
755
791
815
752
800
757
765
780
769
757
823
786
759
736
777
777
731
761
788
761
728
733
763
749
709
765
792
713
795
763
775
727
816
753
727
684
773
759
736
701
753
760
690
737
723
680
744
690
765
780
751
731
730
745
713
725
792
746
720
725
668
736
678
716
732
720
710
707
691
709
671
726
720
709
743
703
739
678
696
736
732
692
704
721
698
707
698
747
698
723
698
687
675
685
700
718
654
723
671
641
714
666
668
691
679
777
712
667
713
679
688
656
685
676
681
706
665
677
684
657
700
680
690
686
674
689
711
699
664
655
713
666
663
650
650
735
640
638
644
688
750
647
653
680
649
657
678
617
656
663
631
672
715
647
651
619
630
680
658
673
619
649
654
641
614
606
667
669
678
651
664
649
643
665
660
610
637
642
660
633
621
677
628
573
671
640
667
643
682
631
648
630
669
602
580
638
643
665
632
648
598
610
603
579
596
662
582
598
657
629
639
654
567
608
611
615
633
619
648
617
639
664
644
596
565
595
551
557
649
567
589
578
610
616
552
637
584
616
601
629
538
611
584
571
632
619
599
586
562
595
570
564
596
604
605
586
555
542
587
602
608
567
564
625
630
568
568
565
615
609
586
572
584
559
580
597
573
581
556
545
590
603
578
581
567
562
531
546
560
555
543
552
587
552
591
558
566
537
541
546
571
532
559
585
532
569
528
511
563
526
553
504
549
604
536
557
565
508
528
532
522
569
495
573
524
499
526
551
479
575
507
544
550
558
574
557
548
545
474
534
517
532
546
514
506
531
536
487
475
507
539
502
554
500
499
544
495
500
507
503
505
514
487
525
508
484
525
521
483
508
478
530
520
554
454
470
493
475
486
473
501
544
497
508
504
495
487
474
476
490
483
487
488
505
512
492
493
461
485
528
481
464
438
486
486
452
513
508
465
477
469
485
553
481
481
470
503
488
491
464
507
510
484
457
480
453
470
465
491
475
427
481
472
478
468
476
444
441
477
480
460
465
486
459
453
437
426
489
447
470
455
472
416
442
423
447
446
440
435
417
487
459
452
438
446
461
442
449
470
415
447
429
447
454
427
434
424
442
469
450
462
415
388
415
420
424
428
439
417
450
444
443
436
402
492
442
424
436
422
398
438
422
414
448
407
448
409
412
421
422
432
460
409
427
424
385
377
415
410
437
387
383
403
425
404
462
401
427
386
376
410
398
421
431
369
424
416
389
433
378
371
403
387
373
380
402
394
387
381
429
427
384
401
414
406
372
398
374
381
373
366
384
384
437
396
390
387
390
390
375
385
413
395
398
376
401
385
429
407
391
341
367
380
358
365
371
347
398
382
356
385
376
332
383
369
400
374
427
370
354
336
386
362
400
404
355
356
382
358
348
351
364
392
349
364
385
356
369
343
375
359
372
358
315
354
326
355
345
373
396
377
383
357
408
376
358
337
345
366
362
312
348
361
322
322
356
341
354
372
344
342
322
350
356
364
351
379
357
335
341
349
356
361
335
353
342
357
339
353
335
349
350
344
323
329
331
281
327
320
351
314
323
317
350
311
332
350
299
366
332
346
327
340
310
346
330
327
309
326
299
282
349
326
340
325
349
335
348
305
314
295
317
297
336
292
313
319
287
325
320
349
310
307
314
322
317
316
321
294
315
287
322
325
269
308
315
292
336
301
313
310
329
305
295
327
324
302
340
305
288
323
332
287
313
333
312
308
320
323
314
290
276
332
307
282
293
326
300
284
289
320
307
300
275
329
321
314
293
321
278
299
304
326
320
283
291
281
305
295
308
311
288
290
327
304
312
268
311
320
292
305
331
280
310
285
277
316
310
279
325
322
294
298
300
300
281
278
288
291
313
292
281
276
278
290
309
316
298
265
292
295
267
318
272
291
292
264
264
283
273
255
301
284
277
293
289
300
285
279
285
267
280
247
276
284
284
257
264
279
284
261
278
239
270
299
265
258
250
277
299
266
257
278
244
280
280
283
264
250
254
272
281
275
283
275
266
294
270
316
265
256
277
253
264
271
269
247
275
254
263
263
284
279
280
278
269
250
249
267
260
278
266
273
248
255
276
261
264
255
251
274
247
235
239
285
262
286
265
279
241
268
258
237
247
231
262
265
256
284
266
283
242
244
246
243
248
230
221
290
272
266
240
244
259
255
232
236
259
282
264
272
273
272
250
255
213
261
244
280
249
250
229
251
235
268
282
236
251
232
274
251
193
240
276
255
247
279
246
225
254
250
277
239
260
250
262
239
253
248
240
238
239
219
272
245
258
266
241
242
230
251
251
244
243
252
243
243
264
259
224
246
232
247
253
252
278
272
251
240
243
246
235
257
251
252
240
274
228
263
255
240
222
233
265
222
242
253
248
261
238
259
235
233
264
196
250
223
248
248
241
248
237
234
265
245
220
223
249
246
245
252
253
270
219
230
202
246
243
242
238
254
215
232
266
229
229
210
228
219
244
233
218
254
226
224
248
224
227
205
251
252
231
233
230
247
245
225
220
223
265
224
230
237
238
239
248
266
242
215
246
245
240
258
249
251
241
225
237
223
227
216
222
197
213
234
213
248
215
220
237
223
216
201
228
240
223
235
220
240
228
227
226
206
227
202
241
214
222
232
193
240
219
215
232
248
229
219
214
217
206
233
246
198
205
254
239
238
222
205
199
214
217
234
235
208
209
226
201
225
204
215
228
227
241
213
219
233
221
217
193
202
237
213
269
231
240
247
224
202
218
209
210
207
202
200
232
206
212
194
216
203
221
209
223
207
219
226
217
218
200
204
185
209
213
167
232
233
230
231
238
242
200
228
222
190
243
230
208
214
207
220
199
230
234
211
220
203
214
209
212
233
234
217
209
238
203
220
211
216
183
213
190
246
242
177
215
187
204
199
219
215
186
214
212
222
175
229
225
232
216
204
203
214
220
213
211
216
238
207
222
228
228
205
202
192
214
212
203
223
201
239
194
200
184
200
189
188
201
207
171
220
213
215
210
234
231
177
190
202
214
208
197
212
221
203
214
191
192
193
208
196
171
221
214
195
207
203
205
212
236
203
193
195
204
210
185
210
188
219
211
207
200
193
219
199
219
205
195
207
208
207
183
200
212
186
183
172
218
196
195
213
190
205
194
208
219
199
189
202
180
201
202
210
209
187
201
191
203
181
186
214
211
191
202
209
190
200
179
204
212
218
216
201
192
190
183
205
202
197
219
224
197
187
224
211
224
200
176
199
192
182
179
187
215
187
162
195
198
202
189
202
209
202
176
187
185
178
210
194
212
195
169
185
193
201
192
216
190
203
196
181
181
186
186
214
182
189
191
181
197
185
203
207
224
192
172
178
201
186
174
206
209
183
183
215
179
209
196
167
200
197
203
225
175
156
175
209
208
196
207
175
179
185
189
167
188
209
194
198
178
161
179
182
194
166
206
208
186
205
197
190
196
182
195
208
180
180
206
167
195
179
179
196
206
215
184
181
186
211
188
166
172
178
197
175
208
196
169
167
183
212
170
167
187
204
183
215
187
185
179
212
187
189
178
196
185
183
192
167
170
173
198
201
190
199
184
187
158
196
181
191
177
184
188
206
176
186
189
196
207
179
147
189
180
170
177
196
185
162
176
170
186
183
211
184
173
176
178
197
201
180
179
140
198
161
197
207
191
185
181
170
161
182
168
144
190
173
191
185
184
171
177
183
162
170
195
204
148
197
187
160
162
155
193
188
174
172
162
156
204
168
180
191
182
193
175
180
163
156
171
171
180
167
192
210
146
168
185
171
172
191
180
165
162
157
185
182
191
160
165
180
210
206
188
171
175
152
188
164
154
153
190
182
163
174
199
182
185
174
211
185
183
171
169
198
163
182
178
173
197
174
162
177
154
180
170
159
186
193
165
172
176
156
176
186
181
159
192
192
158
193
167
162
199
163
189
157
182
174
181
169
189
157
152
164
186
166
197
176
184
162
193
189
187
173
203
182
184
183
160
182
145
164
148
172
166
174
179
153
169
156
189
165
163
158
155
166
158
189
147
158
183
161
176
194
188
185
170
169
162
187
172
192
167
172
183
170
194
166
188
160
162
177
186
168
160
160
155
185
161
160
173
187
182
165
157
153
173
179
182
163
194
167
178
181
169
179
163
162
169
175
167
186
156
190
164
145
153
157
161
163
168
150
180
178
154
184
178
168
173
192
167
175
166
146
168
155
162
145
159
174
183
159
143
176
183
174
173
165
161
175
167
160
161
170
181
167
166
159
144
162
173
165
159
164
172
169
177
164
181
158
163
173
180
150
153
174
161
165
168
152
166
158
167
141
159
162
138
167
175
176
159
165
175
145
141
171
151
175
169
168
170
148
158
154
156
168
156
173
169
152
160
145
175
166
149
172
152
162
163
165
166
176
170
164
164
173
190
177
169
206
167
173
161
176
154
160
163
156
165
183
144
138
157
166
168
145
172
145
168
175
178
162
182
182
167
163
143
198
155
141
173
161
188
161
154
180
164
168
158
156
160
181
164
156
165
160
177
177
160
169
168
164
169
188
156
190
136
178
168
153
184
162
164
168
170
151
144
152
171
154
184
177
138
164
156
153
133
173
150
131
155
162
174
145
164
164
158
147
150
137
150
158
168
144
157
152
174
153
175
185
172
153
171
152
135
148
148
153
146
153
148
140
177
162
157
160
143
157
168
142
155
159
150
161
168
164
163
174
167
176
148
161
155
168
162
178
177
161
151
159
146
165
156
162
141
168
157
148
167
168
148
131
153
133
160
166
151
157
157
147
168
152
140
154
162
151
136
145
164
150
147
138
169
162
151
142
171
177
133
163
162
175
148
152
146
174
144
164
158
136
128
157
160
176
148
167
154
129
162
127
167
146
156
150
160
170
173
147
143
167
163
172
149
157
175
175
152
170
155
151
150
158
149
145
181
158
174
138
156
177
160
150
142
156
153
160
128
153
140
134
191
170
141
151
172
171
158
155
169
156
157
139
175
143
161
164
148
143
147
141
152
147
147
160
172
151
145
170
184
160
164
171
170
149
155
166
161
148
164
157
162
154
158
146
166
159
143
146
159
152
151
150
155
158
168
152
155
133
167
154
179
146
161
154
146
174
132
145
132
149
172
149
158
157
169
142
160
171
146
153
152
137
150
165
136
143
165
148
138
141
159
160
146
146
140
136
148
152
170
161
149
158
184
144
153
142
149
148
142
187
164
150
134
153
154
144
170
142
155
168
145
139
149
172
149
151
151
150
178
146
135
123
153
142
138
161
153
162
164
154
150
153
167
170
145
136
138
130
168
170
144
153
174
137
155
148
131
132
173
154
179
160
139
150
174
156
173
165
173
143
142
141
144
153
145
143
153
144
174
165
168
138
142
150
154
151
145
142
145
148
141
175
163
137
137
167
151
165
152
152
143
178
150
138
143
149
133
155
151
170
136
142
151
159
157
132
167
140
144
153
153
122
152
131
166
133
176
157
162
155
143
149
152
133
152
165
179
163
153
164
131
146
156
133
156
155
155
153
152
142
126
142
147
162
147
137
147
153
159
139
154
164
160
162
139
137
158
159
164
180
148
146
135
155
157
159
152
136
159
132
161
144
148
168
161
147
144
141
168
163
155
145
146
165
155
132
147
153
147
129
160
153
139
162
151
161
158
158
165
136
138
154
141
156
140
153
138
159
141
161
134
148
128
160
148
157
160
157
140
147
131
142
141
154
146
139
156
144
156
151
140
150
152
152
160
147
162
145
155
132
146
150
151
155
142
150
135
160
160
141
142
128
134
155
174
162
147
163
142
133
144
146
155
132
160
145
152
158
152
135
144
158
132
162
150
152
121
154
152
157
133
132
165
148
147
153
140
130
137
136
125
151
164
135
146
130
156
122
174
145
137
134
152
122
156
124
144
144
138
140
125
159
153
148
127
161
129
152
139
137
135
156
128
141
147
139
140
143
137
149
145
142
132
163
151
149
127
150
139
165
155
164
162
155
133
144
151
138
137
145
143
153
142
160
143
141
138
167
162
159
154
146
161
143
130
139
134
152
141
135
138
135
174
150
140
162
142
138
152
128
145
154
163
142
144
146
128
111
139
140
153
137
145
137
143
151
151
135
169
133
139
152
149
137
140
146
149
131
141
147
145
147
130
149
141
140
133
150
143
146
159
126
149
149
126
143
159
141
125
135
174
135
141
117
138
142
135
132
130
131
146
141
155
145
134
140
142
132
144
134
130
148
144
140
133
129
163
132
138
129
138
151
153
146
149
141
147
121
147
130
120
147
163
127
120
139
145
150
131
144
150
124
166
153
127
140
155
140
141
148
153
140
139
126
155
142
132
132
141
161
130
142
130
140
158
149
132
146
146
144
147
134
134
140
143
158
121
136
137
137
132
144
133
134
145
138
139
156
138
139
138
132
163
143
146
147
127
152
129
139
152
143
128
148
145
159
148
132
136
148
131
150
145
130
118
168
155
143
141
149
155
147
143
145
137
128
146
142
138
137
121
135
139
122
157
127
134
132
160
118
139
140
120
135
130
127
140
134
145
137
117
127
127
115
109
128
144
124
140
150
131
144
124
138
122
133
141
142
122
122
127
137
144
117
136
138
144
128
128
135
125
146
145
139
129
157
146
141
128
113
125
155
142
147
145
137
128
120
125
138
132
155
129
129
136
145
129
135
144
155
126
130
142
118
138
131
128
120
128
123
137
117
142
132
110
133
151
135
143
146
121
123
133
121
146
147
133
135
143
125
151
112
122
137
135
139
127
139
127
119
130
117
137
157
139
143
115
127
129
147
121
126
129
131
136
116
126
138
147
120
137
154
115
106
135
110
145
123
136
146
130
119
138
128
145
125
118
123
156
141
110
125
132
139
132
102
103
132
124
125
123
131
115
131
126
114
131
126
135
121
138
122
137
121
123
122
112
122
130
122
125
137
138
119
122
115
107
127
147
138
142
130
131
120
143
133
127
127
126
146
118
125
130
124
126
123
127
119
115
134
127
132
129
136
121
119
115
117
111
123
116
120
132
112
119
125
123
108
122
109
122
144
122
107
133
110
107
105
105
88
111
126
118
121
119
109
107
120
110
126
132
93
125
110
127
135
139
107
129
111
127
107
123
119
110
121
109
125
108
112
104
118
127
111
145
126
129
100
116
114
107
111
106
96
119
113
126
109
114
125
111
101
102
108
107
126
124
106
122
112
107
101
112
127
126
101
113
106
126
113
105
108
118
120
99
100
95
101
89
102
98
90
126
111
111
110
102
108
114
118
127
93
109
110
102
101
110
110
115
114
119
119
103
109
94
102
129
112
119
106
105
120
103
101
108
117
83
119
114
106
106
93
126
110
105
104
96
102
113
98
105
97
100
119
106
97
108
124
100
93
97
97
122
108
118
103
120
83
95
105
85
98
102
93
125
93
88
105
97
128
111
96
105
109
85
103
101
107
106
89
92
100
72
98
111
97
102
96
101
111
104
103
110
93
80
115
91
90
106
90
108
78
90
101
103
96
110
90
104
104
100
110
125
106
88
85
105
105
90
100
108
108
99
107
96
117
91
101
90
89
85
94
100
103
101
95
104
103
104
101
89
98
96
94
100
86
96
84
99
130
94
98
97
83
103
95
115
77
98
89
117
90
101
87
103
76
104
99
92
110
95
106
91
100
80
90
94
93
89
91
89
88
94
98
80
91
87
93
90
83
109
102
103
113
90
84
82
73
88
106
99
106
102
95
91
85
78
90
112
100
88
93
111
92
98
86
86
94
102
100
99
107
105
89
90
98
94
95
85
92
93
111
97
84
92
115
96
96
68
114
86
101
110
89
95
95
99
126
97
98
93
71
75
88
88
98
86
96
97
92
108
95
88
86
87
93
109
78
83
78
81
93
89
99
95
98
96
72
85
75
82
94
89
97
75
74
78
86
85
78
88
88
88
68
81
89
83
93
101
73
91
94
82
97
112
92
94
106
112
101
88
68
86
88
99
71
84
93
94
95
97
93
91
106
81
99
94
90
94
105
87
82
90
89
91
96
89
74
91
94
91
87
97
86
95
77
84
87
64
86
79
75
90
81
83
73
80
75
95
72
76
95
90
80
89
112
94
76
89
67
84
87
94
78
75
109
91
98
98
92
102
87
80
84
90
74
86
87
69
74
97
81
88
76
87
94
77
87
87
87
79
90
77
94
85
91
95
81
95
92
84
94
85
86
90
82
77
94
98
81
103
97
82
85
89
80
84
88
81
91
90
83
91
83
85
73
68
72
84
83
71
87
72
78
89
95
86
76
86
85
75
81
83
79
82
83
90
79
66
84
87
86
72
89
95
91
66
85
82
88
75
86
86
106
81
103
80
92
78
81
91
76
81
76
78
85
81
72
67
76
84
91
87
75
73
83
84
80
86
99
100
86
71
98
92
101
67
88
89
83
78
77
90
65
88
87
82
82
73
96
70
101
73
96
82
86
86
66
93
86
69
84
73
81
82
85
87
91
82
67
79
85
78
76
78
80
84
85
92
69
66
78
83
83
76
93
74
81
94
75
84
78
88
78
70
74
74
83
77
97
86
79
84
65
87
69
77
72
77
82
88
81
87
71
70
83
80
72
74
82
96
74
75
86
82
66
87
80
79
77
84
72
52
74
69
67
90
70
75
62
80
62
82
66
76
72
71
78
79
72
63
76
81
83
65
90
58
66
85
62
75
81
69
72
60
69
61
67
67
76
60
69
63
64
92
76
83
62
69
87
66
63
60
70
58
59
62
76
61
73
58
86
64
58
75
71
67
64
67
63
64
69
65
70
61
64
67
60
77
50
58
66
79
53
63
57
50
55
62
54
63
63
67
72
71
66
61
54
53
67
58
76
57
66
70
73
64
54
66
62
53
56
61
60
76
60
68
55
58
63
53
58
65
62
61
57
54
68
58
52
62
58
57
55
58
51
47
68
51
54
48
58
64
70
50
53
53
46
67
55
58
68
64
64
53
55
72
53
63
63
65
60
70
62
59
56
46
58
73
63
56
59
61
60
77
66
63
54
66
63
52
62
65
68
54
58
57
62
62
62
74
55
69
67
61
53
62
66
60
64
47
49
58
56
70
50
53
63
51
58
71
72
66
67
67
58
48
69
52
58
57
52
53
67
47
67
78
58
57
56
65
71
59
65
75
44
78
67
62
59
52
69
52
61
47
57
64
65
57
62
58
75
68
61
50
62
62
63
66
74
61
55
78
64
48
53
52
49
68
60
76
54
66
73
61
66
61
69
51
65
54
58
66
52
63
44
62
59
63
50
70
60
50
54
56
61
70
48
46
57
59
59
58
51
74
62
49
39
52
53
46
54
55
49
50
61
51
57
49
52
53
40
52
49
45
57
50
39
39
35
49
50
50
42
54
29
53
38
55
38
52
40
57
40
58
40
51
43
46
49
57
40
36
44
39
34
32
41
46
30
52
38
43
40
41
35
41
38
43
34
42
47
36
35
33
36
38
31
32
36
31
28
38
45
40
35
37
29
32
38
39
36
44
35
39
29
45
32
32
45
41
25
28
41
24
30
43
37
27
27
32
33
12
31
38
23
23
29
22
23
26
28
24
33
25
31
26
28
29
27
27
32
31
25
25
34
26
39
31
37
39
32
34
23
34
23
30
19
24
27
20
27
27
27
33
31
29
26
37
21
31
23
30
22
27
31
26
33
20
35
30
23
20
35
29
26
25
24
34
28
31
32
26
21
35
22
33
30
33
27
27
20
42
38
34
33
33
39
42
35
26
28
52
29
35
50
35
32
44
31
36
28
31
30
35
42
37
43
32
33
31
47
41
50
34
34
35
36
37
42
38
40
35
44
41
31
45
46
44
49
48
34
48
37
36
38
51
39
37
49
39
50
46
35
45
40
42
48
44
50
35
53
57
38
48
49
41
49
39
46
52
49
34
41
48
39
48
41
51
41
37
47
39
40
38
39
34
33
40
26
49
50
35
45
30
42
39
33
41
38
36
37
24
43
35
48
30
50
50
38
46
35
36
37
42
42
38
39
34
37
26
23
35
28
36
28
29
28
33
41
41
31
35
29
30
38
35
34
34
33
33
24
29
27
17
12
16
22
24
21
14
24
26
18
21
26
18
18
24
21
22
20
19
21
17
16
13
20
17
16
17
10
16
16
9
16
13
11
11
16
18
18
14
18
16
14
11
17
8
11
11
10
14
8
5
13
12
14
9
8
9
6
10
9
5
4
9
8
7
5
8
11
10
4
3
6
6
4
2
3
11
5
5
6
5
5
2
7
9
4
5
5
9
4
3
8
2
4
3
6
5
2
2
5
3
1
4
5
3
8
3
3
3
4
6
1
7
6
2
5
6
4
9
3
0
8
4
4
3
2
2
5
3
5
7
3
1
7
1
2
1
3
5
5
4
3
6
1
0
4
3
1
3
8
7
6
3
7
1
6
5
5
3
4
5
2
3
3
2
0
4
4
4
3
4
4
5
4
2
2
5
2
1
8
2
6
1
3
3
2
4
7
3
6
0
1
4
3
3
3
1
7
5
4
2
2
1
2
2
3
3
1
1
3
4
1
2
4
2
4
3
2
5
4
1
1
4
1
0
5
2
2
1
3
2
4
3
2
2
2
0
6
5
1
0
3
2
2
2
3
0
2
1
2
0
1
0
0
2
3
4
2
2
2
2
2
0
1
0
1
1
0
2
2
0
3
0
2
2
1
2
2
1
4
1
1
1
1
0
3
3
1
0
3
2
0
4
0
2
1
0
2
2
0
1
0
0
0
2
0
1
0
1
3
0
0
2
2
2
0
2
1
0
2
1
1
2
0
0
0
1
0
1
1
1
1
0
0
1
2
0
1
1
0
0
4
1
1
2
0
1
2
0
2
1
1
0
1
0
2
2
1
0
2
0
2
3
2
0
0
2
2
1
0
0
0
2
1
2
0
0
0
0
0
0
2
1
3
1
0
2
0
0
0
1
1
0
0
0
0
0
0
1
2
0
1
1
0
0
1
0
1
1
0
1
3
2
1
1
0
1
1
0
1
0
1
0
0
1
0
0
0
1
1
2
0
1
1
1
1
0
1
0
1
1
2
2
0
1
1
1
1
1
2
2
0
2
1
2
2
1
1
0
0
0
1
0
0
0
0
0
1
1
1
0
1
0
0
0
2
1
2
1
0
0
1
0
0
0
0
1
0
0
2
0
3
2
1
1
0
1
1
1
0
0
2
1
1
0
1
1
0
1
0
0
1
0
1
2
1
1
1
0
0
0
1
2
2
1
3
0
3
0
0
0
1
1
1
0
2
1
1
0
0
0
0
3
0
0
0
3
2
0
1
0
0
2
0
2
1
0
1
1
1
2
1
1
0
0
0
0
1
0
1
1
0
1
1
0
0
0
0
0
1
2
2
1
1
0
0
3
0
0
0
0
0
1
1
0
3
1
0
2
1
1
3
0
1
1
1
0
0
1
0
1
0
1
0
0
0
0
0
1
0
1
0
1
0
4
0
1
0
1
0
0
0
2
2
2
0
1
2
0
1
0
0
0
1
2
1
1
3
0
0
0
0
0
1
2
0
0
1
1
0
1
1
0
0
2
1
3
2
0
0
0
0
2
0
0
0
0
1
2
0
0
0
0
0
1
2
2
0
0
1
1
0
1
1
0
1
0
0
1
1
0
2
0
1
0
1
1
1
0
0
2
1
1
1
2
1
1
1
0
1
0
0
0
0
0
0
0
2
1
0
0
0
1
0
1
0
0
0
0
1
0
0
0
1
0
0
1
0
0
0
0
1
0
0
0
0
1
0
1
0
0
0
0
0
1
1
0
2
0
2
1
0
1
0
1
0
1
0
2
0
0
0
0
0
3
1
0
0
0
0
0
1
1
0
0
1
0
0
0
1
3
1
1
1
0
2
0
1
0
0
0
0
0
2
1
1
0
0
1
0
0
2
3
0
0
0
0
0
1
1
2
1
1
1
0
2
1
0
4
1
2
1
1
0
1
2
1
0
2
1
2
0
0
0
2
0
1
1
0
1
0
1
0
0
1
0
0
0
0
1
0
0
2
5
2
1
0
0
0
0
0
1
1
0
1
1
0
0
1
0
0
0
2
1
0
1
0
0
0
2
1
1
1
0
3
1
1
1
1
1
1
2
0
0
0
0
1
1
2
1
0
2
1
0
2
1
0
2
0
0
0
3
0
1
0
0
13
21
15
23
20
16
26
21
16
23
26
13
13
17
24
15
15
21
21
16
18
19
12
18
22
15
22
19
21
13
20
19
24
22
18
25
13
24
15
13
23
18
19
21
20
24
26
21
20
14
27
17
27
22
25
23
24
17
17
23
26
23
23
22
21
22
26
35
32
34
31
18
23
28
22
22
29
20
30
30
28
25
24
28
28
30
33
24
31
29
26
29
30
29
30
21
29
25
28
30
32
30
24
28
36
38
35
37
49
63
62
67
111
157
229
371
649
1097
1893
3039
4695
7403
11033
15253
20414
24651
27178
25259
