0
1
1
1
1
0
0
1
0
1
0
1
0
1
0
0
0
2
1
0
0
0
0
3
0
1
1
0
0
1
0
0
0
1
0
0
2
3
1
0
1
0
1
1
1
0
0
0
0
0
0
1
0
1
2
0
3
1
1
2
6
23
30
45
86
111
159
205
232
216
215
253
240
216
249
222
229
237
238
276
236
231
248
276
268
233
246
271
259
243
257
249
272
226
239
222
231
191
215
179
162
161
159
125
126
121
112
152
133
156
153
170
162
149
159
149
164
173
152
165
162
162
171
206
221
211
219
183
194
194
183
216
196
176
210
215
205
187
183
181
219
182
198
207
199
201
201
167
211
182
185
180
192
177
163
188
203
207
195
209
186
198
190
193
176
188
212
183
177
179
197
187
187
196
168
182
182
192
169
183
177
199
202
199
175
203
200
201
205
202
214
204
231
204
194
170
215
172
196
192
191
191
205
189
199
169
200
202
184
190
199
170
196
211
207
188
203
195
173
193
199
195
200
201
179
199
237
205
192
226
183
206
200
194
209
221
203
217
205
201
194
211
188
232
219
200
210
211
189
187
210
227
204
194
216
181
196
211
210
228
217
213
207
218
206
212
214
215
226
216
180
210
217
208
218
226
181
185
204
189
189
210
201
172
201
214
186
198
200
192
189
224
201
212
213
220
213
203
203
200
217
202
210
213
213
220
235
200
203
193
204
211
197
240
185
206
226
218
205
225
208
196
214
214
205
221
233
224
210
223
234
237
190
200
212
218
227
202
231
226
215
203
226
230
181
210
214
218
228
211
235
226
223
209
221
217
201
237
193
225
237
205
204
242
227
239
225
237
237
229
211
229
227
216
204
223
217
230
229
204
213
237
269
239
222
206
228
232
234
221
235
236
249
221
226
236
232
217
247
195
193
231
237
224
247
195
236
226
235
214
237
232
237
276
221
252
251
243
207
241
256
232
243
234
269
233
217
227
236
239
232
234
208
205
239
211
230
242
271
238
244
242
234
243
255
247
245
239
271
246
253
235
242
276
225
226
247
214
234
270
241
266
255
246
239
244
250
248
232
250
263
260
248
247
261
264
245
246
236
239
280
262
255
237
246
231
222
250
240
239
240
219
229
262
241
248
230
262
232
268
255
256
235
253
260
248
290
241
254
259
286
244
265
249
264
250
252
234
237
264
262
266
285
244
271
244
238
242
266
269
259
244
254
250
267
234
239
261
240
263
259
239
248
251
271
263
304
279
279
291
278
257
260
244
276
264
271
237
282
273
258
260
288
271
282
277
271
272
259
269
292
277
234
234
261
261
288
264
255
242
277
277
278
271
254
251
308
252
259
285
248
254
262
259
289
260
268
257
259
281
272
269
270
263
269
289
286
268
295
276
274
293
267
271
286
283
272
281
256
307
276
288
274
264
278
276
251
301
256
255
311
273
257
284
321
251
308
302
265
284
279
314
292
298
322
316
279
299
304
307
273
264
296
283
329
287
296
305
325
323
301
298
290
280
279
277
292
288
291
314
270
291
296
319
302
274
298
301
341
310
277
336
279
309
283
317
294
302
313
299
319
316
300
333
296
288
310
279
303
300
331
307
294
298
337
298
308
289
292
293
342
295
275
326
268
356
326
328
295
319
323
319
297
306
354
331
309
319
328
309
302
311
333
359
331
338
330
320
294
335
324
346
363
312
320
322
323
314
305
303
331
342
291
328
356
347
329
309
308
298
318
317
359
313
341
344
327
315
353
322
353
319
340
346
314
337
324
343
315
332
326
332
326
342
362
326
378
312
391
340
364
346
310
374
340
356
318
367
367
380
338
383
363
347
321
333
369
327
342
319
362
355
325
329
380
364
352
337
367
373
374
377
340
370
380
351
348
337
344
391
370
366
377
348
343
379
342
363
370
348
364
387
368
366
364
367
377
392
357
390
345
370
354
409
396
379
375
387
387
377
418
367
386
402
360
378
404
346
376
431
372
407
446
390
402
388
418
409
411
384
424
396
361
408
413
396
394
414
382
408
422
395
442
394
432
424
422
416
398
425
449
386
399
423
410
412
424
446
464
426
438
408
443
452
449
428
400
455
420
416
416
409
416
409
421
431
458
424
434
458
438
431
451
422
453
450
432
428
463
469
427
459
438
430
462
439
469
456
439
514
451
425
422
508
445
488
466
450
495
491
463
525
523
483
459
482
487
486
471
495
506
471
475
474
440
468
450
516
495
465
458
517
478
501
537
519
471
495
511
471
468
451
499
475
481
502
497
576
568
460
501
486
528
486
502
480
540
510
466
481
520
535
509
531
534
510
510
536
502
585
520
511
561
516
555
533
512
565
511
519
515
539
559
524
556
515
546
572
570
545
540
591
592
578
559
567
614
601
573
566
613
580
586
617
551
605
639
589
630
572
575
579
578
572
612
574
580
616
598
627
587
616
620
639
627
575
608
624
675
591
671
632
638
611
619
624
618
618
596
661
627
618
600
658
660
611
630
705
629
621
646
693
695
671
669
633
630
714
631
661
644
691
691
678
683
705
702
706
694
720
701
740
682
730
713
690
721
723
676
750
695
712
691
674
708
715
700
720
700
687
720
731
713
736
757
733
700
694
683
743
708
708
644
688
712
711
756
769
680
765
755
761
719
742
768
767
729
779
746
744
752
731
709
709
798
736
747
751
729
730
743
744
716
768
778
697
750
779
743
704
705
726
709
715
746
756
720
738
795
751
734
741
729
739
727
726
754
731
709
715
728
730
733
798
685
744
775
764
737
697
678
726
723
708
684
671
742
689
699
713
707
697
727
686
693
669
668
696
690
745
680
735
721
678
700
686
698
688
741
735
704
650
677
719
705
692
714
757
688
633
719
680
723
726
722
704
681
703
713
687
707
710
733
726
699
729
681
646
698
727
714
723
712
649
709
684
703
714
678
699
662
691
706
678
687
692
673
709
721
723
716
724
707
664
673
681
701
713
695
692
742
684
686
668
637
706
680
684
675
648
724
657
685
691
688
675
679
713
640
690
626
667
679
665
737
660
682
736
660
721
669
706
702
683
697
652
719
672
688
684
670
674
657
653
735
704
653
630
665
687
634
662
647
701
665
684
625
651
651
642
655
653
645
656
667
661
640
759
654
698
624
703
659
658
632
668
700
649
644
647
655
696
682
701
654
636
710
669
649
705
632
695
681
689
638
690
637
666
656
705
654
720
672
636
689
695
672
662
639
665
670
695
689
622
645
631
644
661
673
662
673
663
603
699
606
650
669
646
674
664
590
638
735
695
621
694
700
671
622
664
671
710
656
681
666
687
650
663
718
639
665
683
711
638
696
650
630
670
693
659
624
665
665
616
728
683
631
645
701
676
677
670
654
701
701
725
688
679
707
680
668
673
700
655
640
693
619
645
713
661
664
637
702
646
641
697
684
697
674
700
638
658
716
707
700
648
647
674
703
683
684
692
647
666
678
620
700
782
675
668
659
640
728
643
657
697
654
685
678
670
652
692
688
688
670
692
717
674
680
740
713
653
694
670
718
697
681
731
686
721
675
726
711
710
706
681
700
749
734
699
665
728
685
694
682
753
724
655
750
692
663
691
702
707
698
740
704
674
633
696
676
684
734
699
737
696
700
659
655
726
708
666
730
684
741
697
700
651
702
726
683
719
668
692
710
705
708
707
707
703
690
693
721
679
731
699
665
697
715
703
711
724
705
707
741
742
682
703
695
723
715
683
708
736
679
710
683
750
704
705
731
758
669
737
715
717
728
692
730
742
710
714
742
712
719
737
711
699
730
703
802
679
675
720
744
712
686
717
694
682
721
735
738
767
746
737
705
753
714
748
689
721
729
711
811
724
719
689
722
752
702
786
732
762
748
685
694
790
717
741
712
752
714
706
794
723
671
764
768
759
793
764
754
754
708
773
770
682
759
755
729
738
701
760
728
717
702
730
730
741
740
788
757
708
741
724
714
732
704
742
648
746
798
754
704
721
717
720
782
745
741
740
733
707
777
754
743
766
727
720
697
740
724
780
712
700
728
732
787
725
735
701
754
733
781
743
751
757
701
770
751
717
725
772
757
726
742
726
727
729
702
740
790
756
725
766
757
673
781
724
721
701
749
759
771
713
727
723
733
742
698
763
747
736
724
728
676
685
705
761
731
793
721
727
779
738
761
738
708
725
709
793
748
721
699
703
773
700
676
733
760
739
757
760
745
749
736
769
757
725
754
693
700
724
740
773
748
713
676
719
711
729
740
717
744
756
736
737
699
726
710
755
757
785
732
726
759
733
761
736
704
737
709
776
750
708
739
722
750
748
680
714
755
738
751
783
734
726
719
716
700
705
700
729
768
771
760
759
757
746
760
718
722
756
740
736
710
735
739
749
741
727
754
743
777
684
764
718
709
714
700
709
761
745
723
787
763
778
707
751
734
724
725
770
729
742
757
716
695
740
717
757
688
708
712
736
701
733
748
748
752
731
755
713
742
716
762
752
686
704
686
711
733
733
749
684
702
757
757
686
782
724
809
723
776
725
711
748
758
745
745
693
714
727
729
751
784
732
770
777
733
734
758
738
712
733
682
736
743
740
764
697
755
749
771
725
770
751
780
731
755
680
738
712
715
750
726
709
681
728
742
765
764
743
693
760
724
719
777
718
726
712
734
777
758
717
755
722
693
711
745
772
778
743
757
733
779
696
750
760
767
760
725
717
707
750
759
761
740
740
726
747
780
760
767
739
785
722
756
704
776
749
751
791
773
702
743
687
734
742
733
746
769
705
762
720
750
762
740
688
728
720
791
794
727
681
729
729
752
720
702
734
797
755
752
782
712
769
761
715
726
728
754
733
733
780
808
740
730
710
754
752
731
766
770
749
757
798
740
799
755
717
709
726
749
783
749
730
743
769
752
708
761
721
715
713
778
750
749
772
750
759
787
756
717
763
716
730
781
707
713
727
759
688
727
794
748
775
787
731
680
774
734
785
725
738
745
737
733
743
727
730
743
735
773
732
728
747
760
787
756
728
810
780
737
729
779
770
783
726
724
729
746
725
768
803
747
776
759
761
790
754
721
796
702
827
755
742
748
767
716
778
779
701
765
736
769
770
780
736
729
785
761
814
753
802
739
803
746
754
749
749
784
774
809
738
801
715
830
762
822
776
762
743
771
763
755
778
777
765
798
812
769
806
716
748
739
776
749
777
815
774
753
785
793
781
819
729
770
796
814
881
761
807
743
789
788
772
789
752
801
773
796
716
822
739
801
741
748
786
778
768
791
822
758
813
810
822
795
790
790
771
804
792
819
784
810
785
845
805
763
803
776
776
803
790
837
762
756
757
813
748
790
749
785
833
745
858
821
771
799
836
825
765
822
813
847
799
793
844
815
837
865
831
812
835
823
782
862
782
812
805
836
826
817
836
867
778
836
840
879
857
833
812
819
858
830
838
817
856
861
822
846
830
823
829
820
806
844
840
787
874
826
791
849
794
835
838
839
856
876
818
804
850
870
840
888
845
825
830
818
842
806
925
828
823
833
818
833
893
849
863
796
821
812
880
854
827
829
831
819
839
814
835
878
887
842
821
902
823
813
886
851
841
882
824
824
914
858
870
871
889
890
884
880
865
928
843
913
888
899
847
878
834
860
878
891
888
832
826
900
901
901
837
833
890
915
834
894
926
872
921
877
915
906
862
923
879
900
967
933
925
883
912
884
934
941
952
902
933
874
923
897
885
921
920
917
882
926
934
932
933
946
900
887
887
897
897
834
943
933
914
894
958
979
919
938
893
917
919
910
887
941
943
919
968
872
990
974
948
908
881
941
946
944
961
876
933
931
931
962
897
916
931
986
976
993
984
938
943
937
928
920
965
970
904
913
935
918
972
950
970
967
976
921
909
956
947
951
949
986
951
940
955
914
1011
926
961
933
967
933
945
961
916
920
979
965
962
1007
938
934
947
967
933
967
947
876
977
923
981
984
990
1012
973
927
899
888
883
1029
992
974
987
936
979
981
1006
983
997
893
910
971
926
1007
905
966
963
959
967
918
1015
952
919
983
954
928
990
879
905
974
940
898
949
936
893
929
957
900
984
880
864
914
911
1010
933
955
872
929
950
866
848
945
941
933
886
886
915
954
920
946
934
936
898
897
952
926
913
938
917
902
922
944
951
935
926
903
847
900
875
885
932
865
970
940
901
880
885
882
866
883
1007
849
891
876
880
875
814
861
903
871
862
840
818
885
905
865
887
877
898
934
927
841
904
868
889
851
879
826
808
844
830
896
820
826
886
850
818
885
810
841
852
877
788
837
841
811
802
835
876
848
836
819
844
828
828
883
854
871
812
794
848
893
838
791
843
815
846
824
800
834
824
816
774
840
848
817
814
840
812
821
785
830
793
807
787
792
799
789
790
766
770
823
747
803
772
802
771
802
798
762
789
772
790
794
786
798
750
759
725
762
785
775
774
770
780
826
760
775
781
748
796
745
704
705
706
758
777
756
728
774
720
821
799
729
730
759
714
721
736
755
703
747
728
763
691
731
728
741
776
730
752
737
682
722
751
745
771
692
707
731
714
700
694
733
663
703
743
702
679
740
704
691
741
645
674
686
669
694
710
670
695
729
699
715
667
715
720
682
700
695
700
690
657
741
688
699
675
712
683
689
690
654
706
678
695
646
682
713
668
669
652
692
707
732
672
674
642
688
680
660
666
693
640
660
630
632
635
669
712
649
631
689
694
636
678
686
665
683
655
685
653
624
687
675
611
638
577
655
649
668
638
617
664
626
659
650
670
640
653
655
623
632
630
627
656
653
646
638
621
597
647
607
616
650
637
641
629
645
620
628
611
623
633
620
611
599
658
590
596
580
585
591
634
625
610
649
650
649
642
596
646
584
563
684
597
584
621
641
603
635
611
612
589
639
629
633
605
628
606
606
580
605
639
583
591
613
606
600
590
610
630
621
597
596
650
621
620
601
624
579
598
587
620
611
615
646
584
575
616
631
599
570
579
631
618
573
603
662
555
564
601
598
568
582
608
561
588
600
576
591
584
605
601
604
618
593
605
567
595
592
565
610
597
573
644
625
596
576
589
621
605
576
567
580
560
602
599
546
567
575
604
541
581
607
599
544
553
550
507
582
579
570
578
554
600
566
591
556
581
579
567
601
546
564
607
582
574
566
548
591
582
539
546
544
602
577
543
563
554
547
559
574
561
534
611
561
558
576
580
555
575
534
584
620
574
587
555
553
579
604
585
578
572
584
536
603
561
574
567
552
538
562
562
565
564
536
581
608
537
556
605
558
565
560
549
556
537
518
597
524
571
608
553
548
565
569
526
539
590
592
596
585
564
547
561
506
592
533
560
597
569
559
586
528
560
520
575
575
572
555
540
567
559
528
567
557
559
554
548
557
573
577
535
604
519
564
566
536
546
543
533
546
568
533
556
546
563
519
536
560
524
538
541
538
574
525
566
582
536
548
548
559
566
528
529
571
564
579
530
529
523
570
588
546
518
549
558
550
514
527
517
587
550
587
572
535
558
579
617
526
544
547
522
531
545
591
564
542
525
528
566
588
504
548
550
549
549
547
475
523
533
536
534
564
520
518
562
532
549
511
574
547
551
580
570
503
539
525
543
554
564
505
508
517
565
542
535
512
517
533
561
550
540
521
498
562
544
507
517
515
522
549
497
486
494
508
531
509
513
527
539
514
525
522
543
503
516
531
543
549
557
517
521
522
564
539
479
513
571
503
504
552
518
499
510
509
506
542
521
547
500
529
504
519
502
532
531
466
500
545
502
501
521
536
491
514
554
523
549
503
485
495
527
574
525
559
497
488
514
484
530
531
538
563
509
548
495
515
544
495
467
530
490
509
515
496
509
550
555
513
522
487
516
473
537
542
530
530
504
554
521
523
523
525
529
521
500
486
494
503
503
523
519
487
514
509
515
511
531
498
501
536
525
540
493
478
522
503
477
524
548
534
522
479
499
561
497
485
497
551
550
537
515
538
510
504
521
507
511
514
520
472
521
536
476
499
506
500
526
538
541
511
515
501
540
497
509
521
542
522
539
534
515
562
492
479
488
553
497
554
512
505
544
523
525
476
527
522
512
542
505
502
498
507
488
465
487
537
541
514
500
517
501
542
538
513
513
508
549
523
521
520
523
503
509
479
470
583
525
509
516
555
512
470
525
483
530
526
513
569
508
495
534
511
522
519
465
532
523
494
553
544
558
517
498
570
495
526
548
502
527
514
577
481
536
526
503
539
546
500
470
491
550
519
493
514
502
494
541
509
505
481
553
522
492
500
510
503
476
530
502
515
509
510
505
519
503
531
526
503
518
493
502
518
541
500
485
484
506
519
547
488
538
493
522
510
478
540
478
469
547
513
510
520
504
506
517
540
480
541
508
491
490
531
510
485
515
508
534
475
530
473
491
491
498
489
496
474
556
524
488
516
488
484
470
503
512
540
553
456
481
478
491
504
470
497
522
471
476
486
526
529
544
498
547
491
505
480
489
515
540
486
513
506
547
535
516
497
540
526
511
506
531
511
507
512
544
457
493
483
518
509
447
507
486
546
461
480
488
497
491
503
493
482
502
528
470
531
533
505
516
479
477
470
527
467
524
477
482
488
485
519
474
485
514
462
493
469
547
494
456
447
473
479
457
486
479
459
482
507
463
440
445
464
475
485
525
503
471
475
489
543
441
515
494
493
473
495
443
496
498
490
481
473
477
510
526
465
515
458
433
457
464
520
500
499
496
505
518
491
447
487
515
474
525
509
473
508
499
458
518
479
517
488
511
456
497
454
498
478
474
479
544
496
512
485
468
480
470
490
520
476
489
497
503
512
501
492
454
467
474
480
514
450
504
472
468
483
515
460
478
477
478
501
484
483
487
469
489
477
499
538
450
505
524
471
458
506
499
530
468
453
439
469
482
503
492
464
525
483
512
482
475
477
498
454
469
519
490
449
451
497
508
504
495
509
455
550
450
478
497
527
475
495
465
506
502
496
477
496
503
458
490
484
462
501
473
487
446
463
493
500
491
506
525
471
451
501
547
491
490
492
447
476
483
500
517
488
472
489
457
519
516
483
484
500
516
523
493
531
501
530
496
464
500
492
503
483
494
517
517
476
478
458
464
515
508
517
491
468
513
466
489
480
452
454
491
530
477
451
543
509
517
466
495
479
456
476
469
497
501
490
480
495
484
482
479
480
479
506
526
494
482
476
483
494
527
500
528
470
489
482
524
515
460
475
503
493
462
477
519
526
447
499
492
498
480
495
500
475
505
502
505
477
490
472
513
446
475
530
498
522
503
497
513
491
510
491
503
512
472
490
514
449
483
494
489
499
499
484
469
466
509
471
466
511
487
467
464
482
496
461
504
519
486
522
507
497
456
487
514
519
495
458
509
485
469
512
505
442
458
508
487
503
517
451
515
507
510
489
494
499
509
461
491
519
489
497
485
518
526
513
472
487
502
511
502
496
469
480
486
466
486
479
488
494
513
479
512
513
458
496
480
512
527
479
513
516
514
491
486
509
461
497
498
519
506
531
499
468
485
499
507
497
486
465
480
485
483
484
513
528
483
487
502
472
547
459
517
568
530
506
504
482
488
517
490
515
483
557
480
526
470
510
512
508
516
494
482
485
547
517
514
485
533
513
480
495
523
482
504
502
534
533
527
464
473
464
490
502
512
534
525
515
495
489
532
482
489
514
545
508
500
472
489
513
506
476
513
504
494
545
516
507
497
539
528
506
496
488
503
508
522
469
506
522
499
520
522
481
544
562
525
535
518
479
522
512
510
520
490
513
516
540
540
500
539
474
466
490
533
518
500
496
538
513
522
482
525
533
530
539
502
523
512
510
539
496
495
495
509
484
536
550
471
508
522
527
488
549
505
519
530
497
512
519
548
523
524
491
540
511
529
549
497
486
484
549
533
509
473
510
517
488
509
535
531
522
498
517
545
518
519
526
510
531
507
512
516
536
522
505
565
512
515
513
522
513
530
542
530
523
490
456
534
495
505
509
484
507
512
526
518
527
519
493
488
491
534
520
553
493
547
551
544
500
534
510
537
535
530
522
514
547
542
508
544
552
572
522
566
513
508
570
542
540
537
531
516
530
519
489
475
521
529
548
521
506
535
541
500
547
554
550
520
524
515
518
545
509
522
497
529
540
532
574
529
524
573
543
519
533
579
506
545
519
537
538
535
527
532
550
520
531
531
535
532
546
534
544
516
528
531
554
547
545
562
528
498
554
564
529
546
552
539
500
571
581
563
509
539
514
561
517
500
530
543
536
585
561
539
553
541
527
539
544
599
546
554
561
533
555
518
532
561
517
555
548
519
557
545
576
525
524
545
568
529
549
585
541
545
577
571
594
507
487
534
497
544
553
596
553
571
556
533
571
525
488
494
529
521
588
522
516
534
566
553
553
551
581
581
572
532
562
536
521
583
536
543
573
522
509
559
581
585
576
557
527
505
497
537
538
499
522
532
548
522
521
530
600
554
572
521
596
551
546
570
603
573
537
552
569
525
575
561
525
590
543
529
581
559
553
552
602
555
581
533
542
573
565
575
575
573
548
568
565
572
548
522
541
589
560
568
564
583
548
592
589
592
584
560
537
559
572
560
523
562
528
551
557
597
547
557
617
531
553
536
549
563
559
565
549
594
550
575
564
516
547
529
545
604
572
521
582
587
565
538
582
550
560
581
524
572
550
515
546
629
579
585
619
546
559
549
590
601
562
529
502
550
552
534
579
556
556
553
565
592
576
590
578
598
621
571
597
554
566
551
583
564
569
551
575
630
554
557
571
592
559
593
530
564
544
547
585
558
581
572
584
557
549
595
540
555
589
579
570
609
609
608
562
555
554
591
602
572
524
575
581
565
577
595
578
596
561
572
568
594
574
598
598
568
548
547
575
555
542
564
606
613
552
619
603
587
571
586
592
534
579
612
628
555
556
595
633
583
582
600
609
556
573
583
580
607
552
581
616
595
608
597
605
530
559
558
605
568
623
561
572
600
584
606
637
538
604
604
552
586
605
600
572
612
604
564
587
633
616
572
607
625
594
588
563
592
579
581
602
577
581
585
637
580
606
609
597
604
613
549
587
587
591
551
577
585
615
621
597
599
623
591
582
615
583
566
611
610
574
607
621
566
586
575
625
593
576
610
552
620
569
582
600
588
601
616
575
609
601
594
590
593
596
601
666
608
619
632
612
608
650
601
582
629
600
597
607
659
625
622
604
627
614
582
626
644
627
586
618
643
607
619
614
663
637
608
590
619
594
642
614
591
612
631
612
611
629
635
619
684
638
589
631
594
605
608
619
606
637
604
656
634
641
608
651
613
586
643
644
643
630
610
570
644
626
603
600
616
627
651
591
662
629
661
635
602
651
630
658
625
659
681
634
629
640
611
626
686
656
633
604
666
626
637
626
634
659
637
618
642
644
630
633
587
640
664
636
628
601
586
634
624
608
639
610
626
677
643
645
654
602
622
650
618
619
646
575
685
633
667
648
597
623
590
601
631
598
574
649
634
631
635
649
636
625
607
678
631
598
618
626
637
644
646
644
646
618
654
638
607
618
633
626
653
634
645
655
611
614
623
628
613
647
640
613
622
631
650
597
667
645
633
638
637
629
661
639
638
653
629
619
654
603
632
657
639
625
655
637
623
622
674
592
661
648
615
617
633
624
633
657
646
637
618
591
629
596
636
612
653
692
668
675
656
633
672
671
657
622
634
671
662
616
603
657
680
662
624
629
598
686
638
620
652
606
657
625
628
688
612
667
626
666
633
598
649
619
592
688
674
614
638
625
609
652
667
637
640
626
673
660
660
668
633
607
609
679
760
664
632
683
674
611
682
611
643
674
675
645
660
673
662
634
677
620
649
684
653
656
627
692
668
662
611
655
651
633
632
747
647
627
680
637
652
659
658
649
700
636
698
634
661
625
625
688
646
696
653
699
655
675
676
694
652
636
662
734
652
660
621
669
693
645
641
661
696
681
631
667
637
665
717
675
708
672
695
649
620
666
735
659
690
622
667
657
694
655
673
660
698
637
632
643
689
687
665
656
638
607
651
698
622
673
653
669
670
659
675
692
670
682
639
675
619
659
686
651
628
680
724
678
667
635
665
656
669
689
676
662
707
662
679
673
649
691
716
711
675
619
676
671
711
655
698
683
699
654
689
694
688
654
663
703
667
676
686
672
667
648
697
723
712
710
659
704
644
721
653
652
713
720
699
716
716
687
714
716
671
672
681
656
623
688
710
688
701
688
726
671
667
675
680
691
678
701
688
713
701
686
743
690
686
675
662
656
726
700
666
712
724
659
684
679
662
702
689
699
670
697
717
694
702
658
738
753
695
720
711
680
705
745
730
672
699
727
676
708
690
709
706
697
665
712
650
749
697
734
688
717
748
712
775
741
665
669
712
750
710
652
719
698
709
736
711
724
717
725
688
734
713
672
752
712
714
673
700
678
688
682
794
690
743
669
731
770
731
682
713
692
752
769
717
697
713
699
698
752
694
739
736
652
728
709
724
780
710
701
712
703
722
721
740
684
727
712
748
728
728
722
716
679
730
714
712
735
701
720
730
691
698
738
686
673
680
769
714
728
725
747
692
736
743
745
702
735
718
744
712
711
751
768
737
704
722
748
734
758
728
746
718
769
716
765
706
687
764
680
728
740
774
695
763
727
747
721
697
723
762
747
734
749
758
746
707
739
774
671
725
761
718
706
740
720
754
730
725
744
764
776
737
773
765
750
767
697
719
686
744
753
735
757
704
703
751
703
757
757
750
671
724
743
784
738
680
706
715
710
741
704
702
724
743
731
722
768
712
759
796
729
761
701
700
739
733
749
769
705
754
737
717
700
756
735
725
687
736
718
723
702
745
704
746
757
678
739
726
728
712
727
709
712
736
750
752
716
738
695
717
825
709
791
722
690
753
749
722
784
727
725
718
705
759
765
766
683
755
778
730
692
706
791
738
726
708
750
717
733
746
736
712
763
776
784
775
737
721
729
710
721
753
734
767
727
676
750
741
728
726
715
728
749
725
751
754
724
741
747
731
741
752
728
730
735
747
760
720
715
738
747
715
711
737
775
738
769
736
749
740
686
721
684
742
747
735
724
724
753
734
725
709
816
760
745
745
743
763
708
692
742
763
761
690
727
718
710
758
720
750
747
707
722
745
739
720
762
686
760
756
712
735
703
736
738
766
700
763
738
829
745
701
766
693
778
756
790
673
694
719
743
763
753
753
766
753
746
760
751
694
726
728
716
746
731
737
674
722
761
740
713
756
744
754
732
772
742
762
741
740
749
720
701
747
761
768
741
708
743
763
721
761
790
782
725
749
764
736
679
710
776
754
755
774
719
779
700
708
748
741
780
735
717
771
756
748
734
694
711
699
742
744
731
758
766
783
726
785
694
759
722
727
751
724
727
703
740
708
777
752
769
750
804
720
718
745
699
772
750
763
731
755
744
739
744
736
787
702
695
719
777
791
778
717
694
770
734
725
727
730
761
734
706
736
722
730
743
711
740
750
780
713
775
744
750
752
709
753
671
744
768
734
746
694
744
751
720
730
802
776
753
719
728
760
747
729
738
753
764
737
752
773
761
713
724
706
714
734
715
734
753
708
756
802
714
742
751
737
705
691
781
753
740
747
723
736
803
757
701
793
713
768
758
735
755
771
725
756
813
732
755
759
795
766
714
743
745
744
738
795
722
778
765
788
724
710
715
747
716
746
708
771
750
714
723
734
737
695
767
768
725
803
736
724
772
711
704
778
783
731
788
755
786
745
774
774
774
731
702
705
732
737
759
751
757
738
708
769
770
694
749
749
737
701
809
784
785
774
793
783
735
755
800
783
743
758
767
756
732
803
730
739
745
738
730
802
826
778
764
767
767
814
754
779
773
731
812
759
796
791
769
776
771
765
795
755
783
768
782
734
786
746
840
824
752
764
719
807
803
782
788
822
783
775
802
772
810
763
828
764
764
802
829
781
798
808
841
814
734
793
803
747
777
815
790
782
803
800
779
868
793
800
791
783
779
788
793
754
813
772
788
803
796
831
785
816
836
817
859
798
822
828
830
853
819
826
816
817
820
823
867
867
791
790
833
826
821
821
795
868
791
795
845
855
824
848
878
822
814
791
790
821
877
890
796
866
859
828
831
828
854
836
792
858
852
821
844
874
851
844
881
808
917
867
870
863
831
870
852
858
831
912
838
872
812
822
877
873
817
868
865
858
878
860
898
878
865
897
944
850
895
885
905
849
910
843
856
887
837
900
923
833
894
848
905
855
887
941
810
898
882
873
926
914
862
873
862
921
903
849
890
870
847
866
914
932
917
908
871
908
900
867
922
939
883
861
920
920
925
879
907
898
916
918
881
930
888
869
885
934
934
935
888
942
888
920
934
978
939
945
900
877
965
924
1002
958
914
921
942
924
985
919
912
971
947
956
953
897
858
891
922
930
958
873
938
954
929
957
937
907
929
943
941
917
938
880
908
912
987
908
963
922
967
943
967
892
909
888
904
863
866
910
964
933
895
1014
912
946
887
953
888
912
887
920
879
951
917
908
914
918
961
943
924
932
963
950
883
949
950
941
920
903
904
937
942
957
935
917
986
952
910
887
921
859
920
925
944
897
935
902
911
957
923
918
894
929
867
954
850
903
872
978
920
938
912
889
905
870
914
916
899
926
920
908
889
947
925
877
963
933
930
923
866
956
883
933
886
882
906
870
922
857
890
859
980
924
883
892
879
839
879
932
843
901
847
898
891
917
897
902
876
878
932
959
827
854
901
894
890
905
945
866
909
839
889
833
883
916
895
893
891
863
900
905
871
878
845
876
871
874
916
851
855
857
910
894
805
941
895
894
884
913
885
870
852
887
930
855
858
818
887
910
907
877
810
883
893
862
867
860
884
868
889
851
853
874
874
874
944
895
901
888
925
894
936
920
878
899
865
884
890
909
860
858
884
953
926
890
891
891
874
891
904
904
915
828
884
895
905
900
888
939
878
911
891
929
931
880
874
900
900
891
987
954
881
922
872
940
921
927
975
925
941
950
879
908
973
928
914
992
935
906
938
961
987
938
951
979
945
905
948
982
846
939
926
913
882
964
888
894
925
893
965
917
915
958
969
927
920
963
905
967
976
951
951
968
883
964
936
921
892
931
960
933
901
891
916
946
961
865
944
883
910
934
948
914
918
929
939
884
938
941
904
906
945
910
925
899
895
905
911
874
944
917
894
873
863
889
871
883
871
822
898
824
877
866
854
793
832
834
872
837
838
789
801
817
794
807
795
782
792
796
834
780
762
757
799
770
710
734
759
755
804
760
758
781
786
773
738
735
709
676
687
709
684
680
709
643
687
688
623
674
686
694
699
634
612
602
660
676
632
630
663
669
583
617
580
577
608
587
567
567
596
558
574
595
560
553
592
575
544
568
547
517
535
575
604
478
513
518
544
555
512
538
495
533
499
522
495
509
518
513
506
458
471
494
470
513
473
477
494
490
460
460
456
467
495
504
431
462
454
466
462
449
465
442
446
453
443
434
429
415
437
466
437
447
417
440
465
419
417
412
388
425
406
406
417
395
463
437
425
405
385
459
443
419
386
453
386
435
403
424
426
430
408
408
378
455
427
419
412
440
445
437
437
435
456
463
451
419
460
407
413
452
411
479
444
472
435
461
472
482
487
451
483
464
492
486
484
473
444
478
480
495
485
489
513
483
485
481
478
515
514
524
482
505
508
536
521
502
522
512
518
519
563
533
510
527
512
565
538
541
580
553
575
564
587
551
556
541
569
578
551
598
608
600
590
588
569
620
598
624
591
636
577
608
584
607
612
603
591
629
597
648
603
596
590
603
579
628
628
593
666
712
622
618
624
603
636
646
615
602
664
633
614
616
625
652
669
604
555
588
636
676
630
606
593
622
626
609
584
616
680
599
582
588
611
600
600
604
613
661
583
567
533
558
610
583
611
558
551
587
585
530
542
562
552
529
558
558
498
540
504
529
540
509
504
487
498
513
481
451
483
510
455
448
464
434
437
445
427
466
437
413
449
424
413
409
382
388
384
401
374
354
359
345
334
354
318
304
345
358
311
315
296
295
330
258
315
283
324
276
305
282
289
278
256
262
246
254
264
242
237
252
221
228
205
242
213
197
177
177
180
164
185
191
170
158
173
152
147
174
184
172
126
135
161
130
144
129
133
133
138
136
115
128
115
120
105
133
123
114
96
93
104
100
94
85
89
113
105
92
79
90
87
76
94
80
88
75
78
102
65
73
86
69
82
71
64
65
64
65
82
64
58
63
82
56
77
63
70
61
51
68
69
71
55
68
45
59
53
59
69
61
80
67
65
62
49
57
71
56
57
61
70
63
54
47
55
52
58
62
52
50
58
56
58
83
56
59
47
46
59
50
46
66
64
50
67
51
56
46
67
59
63
56
52
50
47
48
64
58
46
53
57
61
60
61
50
49
55
53
51
61
46
43
53
51
46
51
46
37
57
57
38
44
37
38
55
39
55
42
34
36
44
39
43
38
40
30
34
56
52
37
42
43
36
38
31
33
36
32
38
47
28
31
36
37
34
39
36
35
26
29
36
42
30
19
27
20
16
23
23
24
28
39
33
23
22
32
23
26
29
17
22
27
25
33
25
26
27
17
13
26
18
15
15
21
16
25
25
24
10
21
8
17
15
23
19
13
25
10
18
16
19
20
22
17
9
12
16
19
10
18
16
10
19
19
17
15
11
12
16
14
20
16
18
14
16
15
12
15
15
15
11
14
13
9
14
12
16
13
13
12
14
11
11
8
10
11
18
8
7
7
20
11
22
13
14
12
15
12
12
4
10
18
10
13
9
14
16
9
9
15
4
17
11
20
10
15
19
15
11
8
11
10
10
6
3
15
7
13
12
9
19
12
13
10
7
7
12
8
13
15
15
11
9
10
9
6
9
13
11
11
10
6
8
13
16
10
5
14
12
10
13
6
8
11
12
6
5
16
12
10
14
9
12
9
8
9
9
9
7
17
14
8
14
14
5
8
12
11
3
4
11
8
11
12
12
8
6
13
7
13
8
11
13
13
13
11
12
17
8
9
14
12
12
14
15
14
7
13
11
13
10
12
11
14
9
16
5
10
3
9
9
11
8
9
15
13
7
12
14
12
12
13
5
9
8
10
9
11
8
9
11
10
10
10
10
12
6
9
16
10
10
9
13
7
13
11
11
14
7
3
3
16
10
9
9
11
12
12
14
12
6
7
10
13
11
9
6
8
11
10
11
12
10
10
7
6
3
12
9
12
6
6
15
11
6
13
10
7
11
6
16
14
11
8
13
10
18
12
9
9
5
12
12
11
11
13
14
20
11
13
9
12
21
19
12
16
11
19
9
20
14
7
9
12
14
17
15
15
9
8
10
12
13
16
11
16
17
10
7
13
10
11
14
11
11
8
19
11
10
16
7
11
13
12
5
7
20
7
9
7
12
14
9
9
14
15
10
11
9
13
7
13
16
12
11
12
16
16
8
6
10
8
15
9
7
8
14
10
10
8
8
10
12
10
8
13
15
11
7
10
11
10
11
8
5
13
5
12
8
15
10
7
9
11
8
11
9
9
8
8
10
8
11
11
8
19
14
14
7
7
7
15
11
6
6
5
13
7
11
6
9
11
5
8
9
5
6
8
6
5
10
10
10
13
14
9
11
4
12
11
7
8
7
7
9
8
16
7
9
13
4
1
9
6
6
9
13
13
10
11
7
5
4
6
12
11
9
8
6
6
7
10
17
5
8
3
5
6
10
9
8
11
5
8
8
7
6
10
5
9
13
10
8
5
3
9
6
5
9
3
2
4
6
4
4
9
6
10
8
15
9
5
3
6
11
11
9
11
7
14
8
4
4
5
5
6
11
7
4
8
6
13
3
3
3
8
5
6
9
10
5
9
4
8
12
6
11
10
5
3
7
7
5
10
5
2
11
6
8
8
10
8
10
9
10
7
15
4
5
9
8
8
8
7
7
8
9
11
6
8
7
5
6
4
8
9
6
8
8
10
4
11
8
9
12
16
7
12
13
10
7
2
5
4
10
10
3
4
7
10
8
8
5
9
5
9
6
7
11
8
11
12
7
9
10
10
13
8
7
14
17
10
12
8
10
10
13
9
18
7
8
10
14
6
17
11
13
8
5
15
16
9
9
11
13
10
8
12
13
8
10
8
14
14
13
5
4
14
10
18
10
11
14
9
9
7
17
13
11
14
7
12
8
11
9
8
68
92
75
75
71
85
70
79
82
87
80
79
75
77
64
71
68
62
89
87
74
83
55
72
77
80
80
70
65
84
75
71
74
66
69
89
76
66
68
71
79
68
69
80
80
79
82
73
67
64
66
74
76
65
67
75
75
67
62
67
66
77
59
62
63
67
71
83
66
64
66
69
61
65
75
63
51
85
70
56
67
54
61
72
76
68
65
73
72
56
61
65
58
58
72
59
75
61
73
63
57
70
60
47
66
60
67
56
52
63
65
62
55
56
63
64
59
54
63
61
45
50
56
70
52
56
41
25
