0
1
0
0
0
0
0
0
0
0
0
0
0
0
0
0
1
0
0
0
0
0
0
1
0
0
1
0
0
0
1
0
0
0
0
0
0
0
0
0
0
0
0
0
0
1
0
0
0
1
0
0
0
0
0
0
1
0
0
0
0
0
0
0
0
0
0
0
0
0
0
0
0
0
0
0
0
0
0
1
1
1
0
0
0
0
1
0
0
0
0
0
0
0
2
2
1
1
0
0
1
0
0
0
0
0
1
0
0
1
0
0
1
0
1
0
0
0
0
0
1
0
0
0
0
1
0
0
0
0
1
0
1
0
1
0
1
1
0
0
1
0
0
0
0
0
0
1
0
0
0
0
0
0
0
0
1
0
0
0
0
0
0
0
0
0
0
1
1
0
0
0
0
0
1
0
0
3
0
0
0
0
0
0
0
1
0
0
0
0
0
1
0
1
1
0
0
1
0
0
0
0
0
0
0
0
0
0
0
0
0
1
0
0
0
0
1
1
1
1
0
0
0
1
0
0
0
0
0
0
1
0
0
0
0
0
0
0
2
0
0
0
0
0
0
0
0
0
0
0
0
0
0
0
0
0
1
0
0
0
1
0
0
1
0
0
0
0
1
0
0
0
0
1
1
0
0
0
0
0
0
0
0
1
0
0
0
0
0
0
0
0
0
0
0
0
1
0
0
0
0
0
0
0
0
1
0
0
0
0
0
0
0
0
0
0
0
0
0
0
0
0
1
0
0
0
0
0
0
1
2
0
0
0
0
0
0
0
0
0
0
0
1
0
0
0
0
0
0
0
0
1
0
0
0
0
1
0
0
0
0
1
0
0
0
1
0
1
0
0
1
0
0
1
0
0
0
0
0
0
0
2
0
1
0
0
1
0
0
0
1
0
0
0
0
1
0
0
0
0
1
1
0
0
0
0
0
0
1
1
0
0
0
1
0
0
0
0
1
0
0
0
0
1
0
0
0
0
0
0
0
0
0
0
0
2
1
0
0
0
1
1
0
0
0
0
0
0
0
1
1
0
0
1
0
0
0
1
0
0
0
0
1
1
0
2
0
1
0
0
0
0
0
4
3
2
2
3
0
0
1
1
0
2
0
2
0
3
1
0
1
2
1
0
0
1
0
2
1
1
0
3
0
2
0
0
1
2
2
3
2
0
3
2
0
2
1
1
2
1
0
0
1
3
2
1
0
2
0
1
2
1
2
6
0
6
2
2
2
0
2
6
5
4
1
3
4
4
2
5
6
5
2
4
5
9
4
3
6
2
4
3
5
5
2
4
7
3
3
8
8
5
3
6
3
4
4
6
3
7
5
8
5
7
4
5
7
8
7
6
10
7
6
5
8
6
12
7
4
14
10
8
7
5
9
6
13
14
8
9
13
15
12
12
14
17
12
13
12
13
27
14
23
11
19
16
17
14
18
22
12
16
13
9
20
19
19
18
23
26
21
19
28
19
27
25
20
21
23
18
27
21
25
23
23
36
31
31
33
31
28
32
27
29
32
24
35
35
36
32
30
50
25
35
44
38
35
39
33
43
47
41
41
41
46
47
36
53
38
46
33
48
56
51
64
52
58
58
45
49
62
56
47
58
53
51
56
78
62
57
74
66
68
55
64
72
55
66
60
62
89
69
75
61
78
66
67
88
89
75
69
68
81
66
93
64
80
83
66
83
84
85
76
78
88
80
84
83
90
85
114
91
88
81
84
112
85
82
94
115
94
103
97
106
97
87
112
101
103
101
93
107
118
112
95
110
95
100
118
106
111
112
111
113
118
113
98
101
80
115
107
129
115
139
123
112
132
108
135
146
130
128
124
139
148
134
136
128
121
138
131
126
143
108
140
136
144
148
130
122
138
145
145
120
155
135
147
154
134
142
147
150
150
163
156
131
155
151
140
144
165
150
146
154
155
174
174
163
142
168
161
188
171
146
159
162
165
173
175
176
166
178
194
179
170
171
165
166
170
160
184
181
185
184
181
178
198
168
195
173
187
161
161
187
185
193
173
196
177
192
168
173
197
183
188
199
168
182
192
184
224
169
189
190
183
191
206
205
180
184
211
171
197
207
203
190
214
207
222
198
208
193
200
201
191
217
192
187
202
196
221
194
195
201
224
203
206
221
206
195
198
216
232
212
208
211
240
206
220
217
214
210
211
226
161
220
228
222
220
222
221
213
237
214
223
226
225
229
255
212
233
233
217
238
226
224
210
235
220
215
223
195
244
204
259
207
222
218
217
207
258
217
268
227
222
228
233
241
250
234
264
266
251
213
226
234
268
268
263
242
230
254
266
254
234
269
261
213
246
249
259
225
250
250
246
280
251
297
248
232
232
269
269
250
245
256
267
272
247
282
258
234
240
264
273
252
257
262
245
254
264
270
275
293
277
301
277
294
277
293
287
271
302
280
305
285
266
286
279
270
307
275
282
295
298
325
302
288
311
284
336
327
325
345
316
315
323
317
329
317
346
347
332
340
317
335
317
297
356
341
321
358
349
352
335
360
329
353
362
375
319
359
381
397
369
391
369
368
380
361
372
378
380
397
395
381
391
403
378
395
384
408
398
362
394
393
394
392
379
418
420
406
431
414
431
409
433
429
407
408
422
425
428
437
458
404
400
457
406
448
414
444
450
428
426
412
433
443
442
468
446
462
404
435
450
467
464
424
464
465
457
487
460
448
472
442
472
460
484
451
412
480
437
444
434
451
449
416
421
430
511
447
482
457
467
437
450
426
440
456
427
462
433
444
433
423
475
462
430
462
440
473
399
448
433
436
445
447
431
444
407
421
414
403
445
464
417
421
447
428
416
387
429
417
386
426
422
401
406
416
366
437
401
403
437
405
397
368
392
386
410
386
415
382
387
373
365
351
384
397
398
359
356
385
392
385
380
367
404
400
392
405
368
382
336
359
366
371
342
353
377
362
370
336
370
368
401
342
382
378
374
358
341
372
376
407
391
367
359
351
370
351
353
343
344
334
371
348
364
364
347
382
356
373
354
363
344
355
363
378
368
345
308
361
361
350
358
346
331
384
352
350
329
384
348
384
398
354
360
337
330
356
349
320
353
353
347
333
348
324
316
337
335
345
326
361
331
322
341
327
374
321
338
311
318
332
335
347
310
317
313
330
329
317
316
340
316
333
335
320
339
319
333
311
309
321
315
322
317
350
320
321
308
292
349
315
312
314
352
330
314
312
303
300
323
285
278
327
297
324
328
311
342
325
292
308
341
320
312
326
316
342
311
316
323
337
307
297
314
346
304
283
316
277
312
313
328
311
302
325
313
354
299
338
315
331
332
321
322
344
347
327
299
349
323
292
295
343
311
330
305
341
342
331
293
298
307
308
305
296
294
317
320
313
315
337
292
346
320
334
310
336
318
340
317
303
317
340
327
312
324
308
326
313
295
317
290
300
333
326
310
314
315
296
324
328
310
321
319
298
300
318
331
338
318
310
305
299
316
324
308
298
302
316
305
326
327
338
314
301
298
306
312
328
304
337
335
314
260
325
323
328
289
326
336
332
358
303
343
339
312
316
342
340
306
342
326
340
334
332
287
364
350
327
330
312
340
334
312
313
331
341
375
315
322
338
328
323
312
331
343
364
352
324
353
349
358
359
337
329
335
347
352
343
320
337
363
310
346
366
332
329
346
318
357
337
351
334
330
357
347
355
309
369
349
339
338
335
354
348
359
355
341
321
324
329
365
346
340
350
335
332
344
357
344
357
353
337
352
378
358
351
374
358
348
361
385
351
394
342
317
372
381
314
342
341
359
360
344
357
380
352
319
377
361
349
349
347
339
358
333
377
351
372
352
345
362
368
354
368
363
372
357
380
367
346
387
389
390
370
336
374
372
338
391
382
351
371
410
346
351
343
375
376
376
331
349
382
395
417
368
342
369
387
387
401
371
348
378
403
371
376
395
360
391
389
369
386
364
354
416
410
365
361
374
408
409
370
361
399
409
386
401
430
363
410
409
430
371
406
427
441
389
402
404
409
410
434
405
366
390
427
396
374
406
423
392
442
396
381
376
418
412
404
428
368
399
390
399
430
405
420
380
434
402
388
391
423
406
427
440
436
411
410
424
372
421
399
367
391
422
413
446
408
454
389
428
447
444
409
483
451
436
437
416
421
428
392
442
430
438
456
415
427
441
439
438
424
426
421
435
426
447
400
495
377
436
458
466
438
435
449
435
424
425
399
444
439
427
451
452
437
453
438
472
448
427
440
483
472
425
445
447
452
443
435
463
432
431
421
429
427
448
412
401
452
468
479
453
452
476
449
479
444
460
434
446
446
421
476
452
464
451
455
424
413
471
449
463
461
448
445
441
454
433
464
461
472
452
430
484
465
435
451
424
460
482
457
443
473
450
441
445
446
405
473
449
502
440
446
476
455
446
452
466
434
437
424
458
489
430
499
433
465
461
450
439
435
452
441
468
462
446
443
459
484
437
452
471
444
467
422
446
501
454
458
447
465
461
413
458
476
480
482
447
453
460
477
455
468
428
517
459
446
427
521
440
442
478
467
465
416
469
481
469
414
433
482
473
443
444
437
470
491
458
457
465
492
476
460
454
478
454
487
453
492
492
513
434
455
492
459
442
431
474
466
487
447
504
465
493
487
485
453
445
448
431
488
489
461
427
465
461
457
508
470
463
430
472
475
420
479
502
454
474
449
482
512
478
466
467
467
486
459
464
497
457
444
467
480
472
486
489
474
460
471
449
453
466
470
489
482
478
498
471
450
439
474
487
472
485
504
416
445
482
505
477
428
455
471
474
471
477
431
506
426
437
442
462
502
467
454
445
491
457
445
420
456
498
491
480
476
467
478
445
433
450
493
485
466
443
469
439
490
478
509
446
460
469
454
493
461
501
479
443
461
435
492
455
441
448
496
448
493
461
465
495
484
467
484
451
483
461
444
473
452
504
429
455
501
436
474
473
479
487
452
454
492
438
470
484
464
488
480
442
455
478
488
450
453
482
473
508
435
455
474
487
436
456
541
440
436
474
475
491
443
462
468
449
439
485
426
468
454
473
482
433
445
474
432
500
453
455
473
455
452
477
516
501
450
497
444
427
447
455
444
492
466
462
451
425
463
489
490
481
454
447
493
446
467
468
479
472
507
489
471
482
506
458
514
480
490
484
501
470
511
469
531
462
456
450
473
429
443
495
482
467
467
488
503
451
462
452
454
454
491
488
504
487
467
485
445
478
432
457
459
492
489
433
463
475
458
498
472
469
497
427
481
472
466
507
477
448
453
441
477
483
484
435
473
494
490
477
479
472
465
434
466
422
498
496
467
487
494
530
522
478
465
467
472
457
467
471
468
505
463
462
455
454
459
495
472
540
511
459
493
488
469
464
490
498
488
480
476
471
487
469
493
473
469
478
507
526
446
481
485
481
482
465
457
523
443
489
483
512
481
507
483
482
492
466
480
453
488
512
503
457
494
510
478
478
481
484
475
481
451
491
485
512
507
459
502
464
457
446
460
510
487
497
503
478
485
489
530
505
467
498
479
513
494
491
472
447
515
428
484
505
516
467
499
496
443
472
493
517
472
495
489
476
478
458
472
497
496
466
487
470
444
470
517
508
487
474
464
462
516
497
481
477
496
477
455
498
467
486
478
454
491
475
491
460
499
464
481
468
476
453
498
447
473
496
475
464
479
463
474
472
499
473
509
481
477
490
452
478
491
454
503
449
465
502
470
479
486
466
469
458
490
542
443
489
525
448
486
466
485
454
454
465
444
491
482
438
514
459
491
489
463
484
456
448
484
474
443
465
442
465
454
486
454
476
491
478
477
424
460
435
483
470
470
448
485
479
450
480
471
468
462
482
483
472
443
478
444
485
491
453
457
422
467
457
454
434
446
458
434
459
455
451
433
488
453
454
409
490
450
393
486
441
430
404
458
450
434
466
458
477
439
473
451
430
467
441
466
444
470
460
440
490
471
450
437
448
442
466
429
429
483
429
449
453
460
441
445
439
484
485
477
424
467
433
401
447
425
420
417
445
463
456
451
426
439
426
436
457
471
423
421
444
404
432
437
446
418
416
406
411
434
457
467
430
454
444
430
448
410
391
435
402
435
455
420
450
398
396
427
445
433
440
416
433
440
424
395
469
453
448
455
410
468
465
430
440
390
424
408
403
432
403
426
467
408
427
434
431
423
387
436
422
431
415
385
426
442
426
421
411
397
421
434
396
408
429
397
401
386
426
396
375
385
418
430
392
423
405
400
428
403
445
404
434
416
399
404
422
387
388
410
390
401
418
436
403
474
376
389
423
419
420
409
409
401
410
432
427
419
415
431
423
406
383
401
417
411
390
399
468
431
425
388
416
424
383
419
396
423
403
357
384
419
379
420
392
395
366
414
388
388
406
372
398
368
403
422
404
414
389
425
353
384
416
414
350
370
400
388
411
414
397
392
404
373
379
376
385
377
392
355
397
390
402
379
366
381
398
383
371
410
408
407
384
404
395
411
351
379
399
394
394
404
398
363
414
397
364
443
364
378
381
362
384
386
418
414
372
357
394
398
346
398
370
429
384
389
383
371
392
339
414
365
398
386
378
364
394
381
362
378
353
362
396
371
392
359
359
382
318
382
365
416
404
382
384
412
358
359
391
390
370
378
371
391
366
370
361
362
423
340
392
399
339
387
363
366
371
355
364
394
409
334
349
392
398
361
375
355
373
362
358
367
384
380
371
340
356
382
367
391
360
360
376
395
387
339
371
372
342
352
342
344
361
357
342
393
375
366
348
381
350
374
326
349
375
372
370
390
364
380
386
356
367
351
385
364
369
345
346
335
347
352
370
350
345
374
362
381
323
356
389
357
334
352
347
377
392
367
346
348
347
356
361
309
368
344
385
369
391
380
363
350
362
366
390
373
344
371
342
318
349
337
331
367
356
324
349
355
342
343
340
344
343
318
353
385
339
356
381
328
352
369
327
357
357
335
355
391
391
329
337
336
374
367
350
343
323
359
314
367
352
331
359
368
347
360
318
352
353
361
325
374
364
343
337
340
346
342
340
343
341
360
363
357
341
339
351
336
365
330
327
353
339
335
335
325
347
316
358
360
336
319
328
359
322
354
339
328
333
322
322
350
349
360
343
309
334
348
299
320
351
314
324
326
335
327
316
319
335
345
343
367
356
305
316
317
347
375
332
304
331
313
333
318
328
340
327
328
361
347
270
313
325
321
315
360
333
327
307
330
322
332
334
360
363
321
296
317
322
333
316
317
324
294
336
327
311
347
328
351
338
310
317
308
329
314
315
334
308
329
302
342
326
310
325
318
324
326
303
309
334
365
309
326
315
336
288
322
333
312
341
302
344
353
347
300
296
330
334
310
316
300
315
327
329
293
323
352
311
304
300
296
343
352
336
318
317
317
309
323
273
350
347
332
305
305
326
336
317
343
303
287
344
324
300
304
309
318
317
327
317
324
287
318
297
342
353
309
290
311
327
307
312
301
310
288
328
312
316
299
303
317
310
316
326
328
318
300
287
332
299
344
314
319
327
330
326
309
346
288
319
330
296
335
296
334
304
313
310
335
314
289
315
310
314
297
316
338
328
301
310
311
305
322
332
326
306
319
339
305
317
299
306
296
319
298
300
315
317
290
304
310
321
332
324
291
324
325
316
305
295
316
300
309
301
293
296
295
337
329
308
318
335
315
293
359
301
292
299
308
321
341
356
313
280
296
273
316
296
329
303
329
304
303
288
280
352
312
286
314
329
279
302
294
332
297
295
305
297
309
285
328
298
268
323
268
288
285
298
276
321
302
329
318
315
276
324
313
315
313
290
307
341
315
327
325
298
296
295
304
282
295
309
318
308
292
301
326
302
300
298
305
337
336
313
305
297
313
288
285
282
305
324
299
284
310
328
300
282
313
356
309
291
291
326
301
296
297
278
310
332
302
319
311
273
303
312
296
309
305
301
289
282
303
320
300
316
311
304
303
271
308
287
312
313
310
285
311
295
268
296
313
269
306
313
311
321
289
298
290
325
271
321
322
301
266
301
325
326
286
325
322
324
286
313
296
284
307
313
291
334
294
320
315
313
291
290
308
292
277
304
332
326
296
328
292
295
288
333
304
336
331
311
339
289
355
302
295
290
284
270
312
319
291
303
307
319
303
268
268
292
301
319
325
283
306
301
289
309
328
288
282
288
295
299
284
305
287
294
324
281
301
284
333
324
277
297
291
306
302
295
290
282
280
294
308
319
346
309
323
269
342
311
267
303
296
301
301
296
275
306
316
326
318
300
310
282
275
322
349
302
313
286
297
289
317
280
300
302
291
323
305
300
287
310
286
303
269
305
285
300
303
323
283
254
316
290
309
299
306
294
319
302
298
305
270
303
293
290
309
282
295
313
315
308
337
293
336
286
306
312
299
292
316
312
296
294
328
307
284
313
282
298
330
320
295
323
328
293
312
300
328
329
288
318
311
332
308
302
298
259
309
350
306
291
315
311
309
310
304
266
302
325
306
297
308
327
285
305
319
307
332
293
296
336
322
309
292
315
319
313
302
315
314
321
351
296
318
315
287
300
283
305
316
303
297
325
309
306
295
325
307
294
307
272
294
296
322
281
325
323
326
302
287
328
313
306
306
310
317
323
325
312
298
306
302
312
302
316
307
319
294
313
319
302
306
306
334
290
279
296
351
278
317
301
269
295
313
330
290
283
317
287
328
308
322
301
323
316
303
302
318
317
300
296
300
334
293
295
302
297
297
318
304
317
343
300
314
281
298
315
327
328
296
313
323
305
295
284
288
304
301
319
334
310
325
280
313
297
311
293
264
328
301
321
299
323
283
318
295
333
297
272
331
311
326
330
323
292
303
305
332
311
334
289
323
306
299
330
298
301
313
293
299
303
299
279
305
299
316
289
321
272
302
302
319
262
332
317
295
319
312
338
321
319
318
285
306
317
299
297
350
340
294
295
291
320
317
314
312
308
328
333
301
322
325
328
293
313
307
325
335
318
284
309
335
302
289
341
321
302
307
335
329
310
315
320
314
300
326
340
293
325
300
335
289
306
295
300
317
288
314
300
340
313
288
308
284
303
315
331
300
310
321
302
321
302
305
301
325
301
341
297
306
280
312
282
335
291
293
319
316
270
304
300
317
292
322
306
299
310
354
315
316
310
337
309
314
338
289
304
312
313
289
308
327
319
327
314
289
319
293
296
339
327
308
306
285
279
330
332
310
286
280
329
309
309
302
303
316
306
300
313
269
293
322
344
329
311
285
318
303
320
299
312
338
303
307
316
315
315
309
284
287
305
299
324
292
313
283
306
290
299
313
268
308
302
302
277
273
305
327
314
335
301
326
330
322
300
310
290
300
335
284
320
290
293
330
314
318
285
282
291
312
285
282
268
268
318
286
316
311
309
313
307
307
313
295
284
285
302
312
270
317
315
317
320
273
291
275
316
301
296
315
287
306
259
300
281
319
312
306
305
304
293
296
313
264
320
310
312
302
305
291
322
266
302
284
334
313
283
293
298
326
328
325
299
303
266
274
267
268
304
317
283
298
320
295
290
278
302
272
269
314
314
266
272
270
300
266
316
282
306
294
324
297
281
291
286
280
287
311
289
303
290
296
289
325
297
274
277
298
251
289
289
305
278
303
308
270
291
280
286
301
286
297
306
259
299
273
330
306
288
293
268
288
261
261
281
269
267
296
276
279
298
280
280
266
280
286
301
304
263
278
258
273
272
298
293
241
274
277
281
277
292
281
302
260
259
276
262
287
269
286
301
258
258
293
294
295
252
278
281
300
280
276
281
281
298
254
279
305
232
265
248
287
265
277
288
262
290
258
261
280
268
318
254
265
248
299
282
240
276
253
278
242
294
273
297
244
267
266
261
269
266
271
277
261
259
257
269
279
262
276
247
246
274
234
242
265
254
213
243
255
252
251
275
266
253
262
268
237
247
245
230
247
262
244
255
267
243
251
243
265
253
247
267
258
260
264
258
254
244
278
259
269
274
245
255
246
262
266
261
250
254
257
234
265
255
235
243
279
262
235
233
263
244
244
244
280
216
240
277
250
246
223
234
221
232
284
227
240
255
235
232
229
252
226
227
228
211
246
220
247
236
225
229
251
239
222
218
236
217
232
241
226
227
246
212
244
249
260
237
234
214
245
239
224
236
225
226
246
227
221
248
224
225
214
220
212
229
237
238
243
229
201
231
234
249
233
235
238
192
211
217
209
235
228
239
251
214
244
192
220
208
241
187
221
220
196
228
221
221
201
226
202
236
217
207
211
202
237
181
218
192
230
278
217
201
237
251
217
229
220
253
233
219
213
234
219
216
196
228
225
241
207
222
235
211
197
198
186
238
207
204
217
202
214
190
220
198
221
202
212
212
230
218
214
222
195
207
220
194
218
203
202
200
185
213
196
199
186
210
207
207
216
220
208
221
179
190
189
202
213
214
193
193
208
187
207
207
199
198
181
194
196
213
218
197
209
197
223
220
209
195
191
181
171
215
231
202
186
205
195
191
195
205
188
186
198
185
182
168
199
189
210
173
243
169
218
203
222
208
212
212
189
221
201
190
184
219
189
204
198
174
203
183
200
205
203
199
181
194
206
190
174
210
196
212
205
211
222
211
221
196
169
187
190
170
194
188
201
215
213
186
193
206
218
174
212
213
195
204
197
204
208
193
201
190
218
182
175
191
218
203
205
187
197
185
198
181
192
188
214
192
195
205
219
213
175
185
194
190
177
195
170
193
198
188
211
212
177
198
197
196
199
212
214
219
189
203
191
188
223
203
220
178
215
196
201
206
195
230
222
211
214
195
215
209
227
196
208
228
182
235
177
207
216
217
228
202
182
210
212
209
204
212
220
202
210
217
209
186
234
204
161
234
195
217
213
207
204
212
218
210
224
225
228
246
252
210
218
212
243
227
240
230
219
230
226
233
219
213
238
220
243
234
234
243
282
194
264
258
244
247
265
222
238
248
233
228
245
233
275
225
235
289
250
268
236
277
255
281
275
235
255
265
292
257
253
284
270
274
267
277
277
291
279
272
271
287
281
287
284
265
291
308
251
259
293
279
303
290
336
289
291
302
283
316
285
294
278
259
315
321
303
320
305
304
316
295
288
325
324
316
298
312
313
305
336
335
311
372
380
323
316
324
327
354
355
370
334
320
327
343
337
376
342
364
355
362
352
376
395
364
379
364
391
370
379
379
403
389
391
361
372
386
403
430
389
377
418
398
409
411
460
430
417
415
429
421
410
409
424
386
413
419
463
447
460
414
460
409
454
436
451
435
449
443
448
476
491
476
484
446
459
482
482
450
454
499
460
482
467
525
499
518
479
486
485
465
520
520
516
542
505
491
466
510
505
541
511
535
534
553
544
544
581
594
511
540
557
545
548
564
497
545
558
593
568
587
589
600
579
605
578
580
557
608
528
590
598
568
627
590
605
643
602
615
608
639
658
624
644
611
642
683
650
657
677
665
657
627
729
634
680
654
699
680
684
675
677
657
691
733
734
658
729
716
746
717
677
662
718
705
682
779
762
753
708
720
662
729
735
766
723
753
729
778
742
823
755
726
789
794
772
797
728
790
776
800
806
851
795
813
805
829
792
811
818
812
807
819
828
824
877
836
783
808
857
815
804
854
759
826
849
881
880
840
877
869
892
852
947
878
866
885
879
843
875
867
892
891
933
919
911
891
909
825
916
923
891
930
878
928
946
855
920
967
951
1003
900
947
945
980
920
898
946
912
929
924
958
991
931
969
987
929
1003
914
951
900
969
963
970
982
973
901
947
1031
1049
1005
948
958
993
955
1005
986
968
995
930
999
960
1019
978
1013
1033
990
933
988
1006
999
987
1002
942
992
1085
1064
1020
1021
1038
1028
1018
999
972
997
1018
1071
1047
1065
1002
975
1035
1076
1042
1006
1039
1014
933
999
1083
1043
1019
1078
1074
973
1118
994
1104
1025
1032
1007
1045
997
1001
1054
1005
992
1023
1043
1033
1045
1053
1022
1053
1036
983
1008
1009
1023
1077
1011
1062
1065
1035
999
998
1018
992
1074
1068
964
1043
1026
1034
999
1065
997
1025
1024
988
996
1057
1003
1059
1016
1059
1036
967
1024
1023
1065
1067
957
963
1013
980
984
1059
1020
981
989
1039
1036
1008
985
1035
1012
984
968
1025
1010
1023
944
1008
994
983
967
1015
985
950
1019
985
988
964
984
981
990
961
978
987
954
933
1001
994
967
946
998
1030
936
858
955
1009
965
919
1013
944
893
919
945
957
902
920
891
934
934
946
913
924
954
975
879
881
885
887
893
927
907
930
949
922
896
886
868
928
846
928
908
896
901
838
829
834
905
882
864
856
862
867
859
834
873
888
838
835
904
803
797
835
782
811
778
803
813
865
784
862
792
829
773
796
771
773
828
763
765
779
812
699
780
747
763
743
772
760
816
762
805
745
708
710
718
708
711
790
763
736
759
757
711
761
737
695
713
726
741
707
689
686
674
659
694
667
703
703
668
671
656
734
651
700
651
673
614
673
615
650
632
681
601
622
608
605
636
617
615
677
632
593
586
593
567
607
593
600
627
568
558
650
583
597
528
563
574
579
564
556
558
574
505
538
554
574
564
536
577
515
572
557
554
514
552
516
504
494
513
509
522
496
516
500
516
543
501
492
477
466
496
510
424
503
459
498
493
483
433
484
488
487
475
475
467
443
433
463
454
405
445
416
418
461
411
434
414
424
430
460
390
414
407
378
429
395
420
393
416
403
437
380
388
419
351
378
383
388
378
369
385
356
364
352
356
336
343
314
306
353
321
339
333
372
337
326
340
297
307
340
349
311
325
335
304
318
275
304
318
315
306
312
314
338
292
269
325
287
329
272
313
260
290
281
291
297
273
273
299
270
265
268
281
259
265
270
256
284
262
244
261
257
234
245
246
212
270
233
251
275
239
227
259
230
238
212
213
229
237
229
220
232
227
196
198
211
223
218
200
198
217
186
190
194
212
204
202
217
188
182
198
203
187
188
181
194
197
179
168
184
165
185
166
171
183
163
175
193
161
174
169
192
179
157
192
157
152
160
169
168
172
172
169
144
137
136
148
181
149
161
163
157
151
164
128
157
144
156
131
127
152
153
136
132
147
150
132
143
148
131
142
148
135
107
136
129
126
129
109
127
125
115
139
133
122
126
133
129
111
111
114
124
116
97
106
117
113
121
122
112
113
85
93
117
103
109
110
92
107
94
106
100
96
95
89
101
93
102
105
91
97
101
107
101
91
86
95
100
92
94
91
77
84
83
106
88
84
85
89
79
103
86
77
79
66
95
79
86
85
77
84
70
82
68
77
78
85
85
74
64
85
87
78
71
69
91
71
75
81
84
48
59
64
75
66
67
72
65
72
76
65
75
66
67
71
55
52
62
55
66
73
57
53
61
51
79
64
76
72
55
81
67
61
64
62
55
72
55
42
62
58
63
52
57
56
67
71
66
63
60
59
66
61
64
51
59
59
55
48
61
45
55
54
47
51
47
68
50
58
66
58
49
50
55
45
47
49
51
54
48
50
54
52
55
58
38
43
65
51
38
51
56
50
46
54
53
48
40
46
41
39
58
49
49
41
50
48
43
61
58
51
44
58
51
46
49
43
44
41
41
64
41
49
48
29
39
39
30
43
49
42
52
36
50
41
45
38
45
55
43
41
32
54
45
45
43
42
43
49
34
44
27
35
42
43
49
48
43
38
40
35
35
39
38
45
50
41
38
43
43
34
31
31
38
42
38
37
44
39
45
31
34
33
34
46
30
44
42
36
28
33
36
35
40
28
25
31
37
41
22
36
37
27
42
38
27
34
35
32
28
27
32
38
28
30
27
33
35
30
30
37
20
38
29
29
32
35
41
28
24
36
28
31
36
39
29
28
24
22
36
24
24
29
36
32
28
32
28
25
17
36
23
30
29
30
24
26
24
23
30
26
31
22
24
29
21
19
24
26
23
24
30
18
31
23
29
21
23
22
20
21
21
28
19
22
19
29
23
31
21
22
22
22
18
30
21
31
22
20
19
24
18
27
27
15
22
26
17
14
30
23
21
21
21
19
23
16
29
16
20
22
15
17
17
20
22
18
22
26
24
25
20
26
23
33
18
22
24
17
13
26
17
19
28
27
20
25
16
15
15
25
13
19
13
11
15
16
28
24
21
19
24
16
18
19
18
21
18
15
24
20
17
24
18
15
23
23
16
21
16
15
11
12
14
18
11
21
14
14
8
23
10
12
14
19
14
9
18
17
18
12
15
17
16
15
8
12
14
10
16
17
9
14
18
17
19
11
18
14
13
13
15
10
13
12
15
12
18
20
17
17
11
16
15
13
18
9
17
24
17
14
11
14
10
18
10
12
25
14
13
12
10
14
20
19
10
20
18
11
17
12
9
15
15
12
15
11
12
11
17
17
9
12
15
12
12
13
13
12
15
6
10
7
11
10
4
19
13
10
11
17
14
15
10
9
15
14
14
13
14
5
16
10
9
14
9
14
13
14
13
11
13
11
5
7
12
13
15
11
14
10
18
15
14
10
9
17
10
10
16
11
11
12
15
10
13
11
9
17
21
8
12
7
10
13
14
16
13
10
7
10
11
9
14
9
16
9
8
14
8
11
21
12
10
12
9
14
10
9
15
8
6
13
11
9
8
17
14
15
10
10
13
9
8
9
12
9
11
11
17
11
10
9
12
11
13
8
12
13
13
12
12
12
15
9
13
12
3
10
13
15
5
8
5
12
8
14
15
11
15
11
10
9
7
6
12
10
9
16
10
13
9
13
9
10
8
16
12
14
14
8
14
13
7
13
7
11
10
7
15
5
8
8
6
13
13
8
14
17
11
11
16
11
9
11
11
8
12
6
8
17
12
7
14
13
8
10
7
12
10
9
12
21
7
10
12
11
11
15
9
9
5
9
12
12
13
12
13
6
12
14
9
9
9
7
15
5
8
10
10
10
6
14
7
15
10
13
13
17
14
8
10
12
9
14
17
4
13
8
10
10
11
11
14
11
10
15
7
6
8
9
7
11
4
10
7
13
9
9
10
7
8
6
14
11
9
14
10
6
11
10
9
16
14
7
10
11
3
8
13
11
10
12
4
17
10
11
11
19
7
13
11
6
10
9
10
9
14
12
18
14
8
8
12
8
9
7
14
13
14
14
11
8
11
10
12
8
6
20
6
12
8
8
3
11
11
14
11
11
8
11
10
15
11
10
15
8
18
17
9
11
12
8
11
10
13
9
6
12
7
12
12
12
13
11
13
20
10
9
12
17
12
21
9
15
12
13
11
7
9
8
14
12
12
10
17
11
7
12
13
12
12
10
8
17
18
9
9
18
10
13
15
20
12
11
13
11
13
8
18
15
16
10
19
14
19
15
19
10
17
10
13
13
15
13
15
11
15
14
7
13
9
16
19
2
13
16
14
14
12
10
12
15
14
14
14
6
20
12
11
15
8
8
13
12
4
14
3
13
15
11
9
13
10
7
9
11
6
16
10
16
11
9
8
19
12
12
11
17
11
14
9
11
19
6
9
10
10
8
7
15
12
8
7
17
8
18
8
8
9
13
10
5
8
8
11
8
6
15
17
14
5
10
8
9
10
4
9
8
13
10
10
7
12
5
6
14
7
6
8
2
10
10
4
14
9
8
11
9
8
11
6
11
10
10
7
14
11
7
7
8
10
6
9
8
3
9
2
7
4
6
5
9
9
4
4
10
6
8
7
8
6
9
4
8
11
9
5
9
10
9
6
6
9
6
8
5
3
6
5
7
11
8
7
10
8
6
9
9
7
10
10
8
7
5
5
5
8
6
4
6
4
3
10
6
10
9
9
7
4
11
6
12
8
9
7
10
10
8
8
15
7
10
8
2
3
8
11
9
8
11
5
6
9
14
13
9
12
6
12
6
14
9
11
14
4
9
14
5
9
11
9
4
8
13
6
10
9
10
16
11
12
4
9
10
6
9
12
8
14
7
13
9
10
9
10
9
20
15
17
11
8
15
18
13
11
18
8
16
8
15
16
16
12
13
18
11
11
16
15
15
19
13
9
15
7
15
16
14
14
20
10
8
13
18
16
14
12
10
17
8
15
13
18
15
11
19
12
9
21
11
14
12
14
12
15
8
11
18
12
11
15
17
12
10
6
7
13
18
15
16
9
16
10
10
14
6
12
12
11
14
11
12
14
12
10
15
8
12
15
19
5
10
9
11
11
8
10
8
4
4
7
7
11
6
8
10
8
15
4
8
9
6
13
2
3
10
9
10
6
9
8
7
9
8
5
9
5
9
2
12
3
7
6
4
10
5
6
9
4
7
5
4
5
8
7
2
4
6
4
5
3
4
3
5
7
10
6
6
3
7
4
4
2
7
7
4
4
1
5
4
4
5
2
4
3
6
2
4
4
4
1
2
1
3
4
4
3
5
2
3
8
4
3
3
3
2
5
3
1
1
2
3
6
5
2
1
4
1
2
1
3
4
2
1
3
0
1
3
1
2
6
0
3
4
1
3
3
2
2
1
2
0
1
0
3
0
6
0
2
1
1
0
1
0
2
0
0
1
1
3
0
0
2
1
0
1
2
0
1
0
3
3
3
0
0
4
2
0
1
2
1
1
3
0
1
2
1
1
3
1
2
3
0
2
0
1
1
0
0
0
1
1
0
1
1
0
2
1
2
1
1
0
2
1
1
0
0
1
0
0
0
0
2
1
0
1
0
0
0
0
0
2
1
1
0
1
0
2
2
0
0
0
0
0
0
2
2
2
1
1
2
2
0
2
1
1
0
1
0
0
2
1
0
0
0
0
1
2
0
0
0
2
0
0
2
2
1
0
1
0
3
0
1
2
0
1
0
0
0
1
2
0
1
1
1
0
2
1
0
1
0
1
1
0
2
1
0
0
0
1
1
2
1
0
1
0
2
1
0
1
0
1
2
0
1
2
1
0
0
0
0
0
0
1
1
1
1
0
1
1
0
4
0
3
0
0
1
1
0
0
0
2
0
1
0
0
0
0
0
1
0
0
1
0
0
1
0
1
1
0
1
1
0
0
0
1
0
2
0
0
0
0
0
0
1
1
1
0
0
0
1
0
1
0
0
0
0
0
1
0
0
0
0
0
0
0
0
0
0
1
1
0
1
1
0
0
0
0
0
1
0
0
0
0
1
0
0
0
0
0
1
0
1
2
0
1
0
0
1
0
0
0
1
1
0
0
3
1
1
0
0
2
0
0
0
0
1
1
0
1
0
0
0
1
1
0
0
0
0
0
0
1
0
1
1
1
0
0
0
0
0
0
1
0
1
3
0
2
0
0
0
0
1
0
0
1
1
1
1
0
0
1
0
0
2
2
0
2
0
0
0
1
0
1
0
2
1
0
0
0
0
0
0
1
0
0
1
0
1
1
0
0
0
0
1
0
0
0
1
0
0
0
2
0
1
0
0
1
1
0
0
0
0
1
0
0
0
1
0
1
0
0
0
0
0
1
1
0
1
0
0
0
0
0
0
0
0
0
0
0
0
0
0
0
0
2
0
0
0
0
0
1
1
0
2
0
0
2
0
3
1
0
2
0
1
0
1
0
0
0
0
0
1
1
1
0
1
1
0
0
0
0
1
0
0
0
0
1
0
0
1
1
0
0
0
1
0
0
1
1
0
1
0
1
1
1
0
1
0
1
1
0
0
1
0
1
1
0
1
0
0
0
0
0
0
0
0
0
0
0
2
0
0
0
0
2
0
0
1
1
0
0
0
1
2
0
1
1
0
1
0
1
0
1
0
0
0
0
0
1
1
0
0
1
1
3
0
0
1
0
0
0
1
0
0
1
0
0
0
0
1
0
1
0
0
0
0
0
0
1
0
0
0
0
1
0
0
0
0
0
0
0
1
1
1
0
0
0
0
1
1
0
0
0
1
0
0
0
0
0
0
1
1
0
0
0
1
0
0
0
1
0
0
0
0
0
0
0
0
0
0
0
1
0
0
1
0
1
1
1
0
0
0
0
0
0
0
0
0
0
1
0
0
0
1
0
0
0
0
0
0
0
0
0
1
0
1
1
0
0
0
1
0
0
1
0
0
0
0
0
0
1
1
0
0
0
0
0
1
0
1
0
0
0
0
1
0
0
0
1
1
0
0
0
0
0
0
1
0
0
0
0
0
0
0
1
1
0
0
0
0
0
0
0
0
1
0
1
0
0
2
0
0
0
0
0
0
0
0
0
0
2
1
0
0
1
0
0
0
1
1
0
0
1
1
0
0
0
0
0
1
0
0
0
0
0
0
0
1
0
0
0
0
0
1
0
1
1
0
0
0
0
0
0
0
0
0
0
0
3
3
4
4
5
6
4
3
3
5
5
4
2
8
4
3
5
2
10
4
2
6
5
6
4
4
2
3
4
6
3
2
2
3
2
2
5
8
3
9
4
3
5
6
7
3
7
6
2
3
3
2
4
8
3
1
7
3
2
1
4
1
8
1
5
2
2
6
6
5
5
6
6
2
3
2
5
4
3
7
5
7
2
3
0
3
4
5
2
3
6
2
2
4
2
6
4
4
3
6
5
2
6
3
2
3
1
6
6
4
1
6
2
4
5
7
3
4
2
5
3
4
8
4
2
3
2
1
